48.95468
45.406574
37.966022
28.003004
17.194899
7.0195227
-1.4316137
-7.4935975
-10.949521
-11.974782
-11.02848
-8.72433
-5.7101283
-2.5563366
0.29530117
2.6009567
4.253324
5.243799
5.6699224
5.6566496
5.317487
4.7857156
4.1891074
3.6142583
3.1004977
2.6829662
2.3626142
2.1422243
2.0350728
2.0601451
2.2006853
2.434493
2.7028553
2.972182
3.2099884
3.401879
3.5321233
3.6202958
3.681862
3.7254012
3.7551572
3.7848284
3.8066988
3.834881
3.9058294
4.0222335
4.181916
4.3190784
4.3924317
4.3749285
4.293665
4.1465683
3.9605734
3.7695205
3.598534
3.4856632
3.4259572
3.3912573
3.3195572
3.1987677
3.0385633
2.8559465
2.66438
2.5057216
2.4053006
2.3705142
2.4091134
2.510787
2.6349475
2.7132897
2.711054
2.631106
2.4843035
2.1916878
1.796538
1.3485483
0.9156286
0.531376
0.23072901
0.033563968
-0.023835735
0.044314653
0.20293011
0.39331013
0.5901197
0.7772505
0.9343787
1.0559262
1.1304173
1.1610956
1.1470454
1.1086054
1.0658996
1.0357985
1.0305545
1.0525794
1.0965132
1.1480691
1.2205766
1.3066982
1.403978
1.5018404
1.5690101
1.5947334
1.5847431
1.5449023
1.4842495
1.4081494
1.3455664
1.3100395
1.317485
1.3601499
1.4127097
1.4637198
1.517266
1.5988967
1.7192627
1.870797
2.0582457
2.2689607
2.4824998
2.7034764
2.8918746
3.0502882
3.1740012
3.243378
3.2613802
3.237306
3.1885982
3.136954
3.1017683
3.0852828
3.0562832
3.009831
2.9643292
2.9384642
2.9340951
2.9464507
2.9725895
3.0096917
3.0716085
3.1716309
3.3033776
3.4168484
3.5138366
3.5895693
3.6226363
3.6194167
3.584423
3.542368
3.5726252
3.6917553
3.9654472
4.353277
4.8349667
5.328422
5.814421
6.2815385
6.673809
6.9603205
7.134532
7.2019954
7.160663
7.034957
6.8034186
6.521056
6.2352757
5.9675922
5.7508826
5.6099405
5.5793934
5.6444893
5.7556105
5.8738933
5.9693804
6.062691
6.152916
6.2334805
6.2908645
6.313254
6.28126
6.2190304
6.1710625
6.1511483
6.2490053
6.4552536
6.741332
7.0827117
7.4227815
7.763582
8.17333
8.7263775
9.348274
9.906238
10.367949
10.719961
10.937321
11.077991
11.157606
11.15588
11.050931
10.859919
10.627862
10.354025
10.096103
9.8988905
9.782463
9.730808
9.878652
10.264699
10.763315
11.3340225
11.84565
12.227033
12.442216
12.531924
12.463153
12.288776
12.102174
11.949356
11.860428
11.805152
11.812149
11.875657
11.964834
12.007101
11.981663
11.9251585
11.844587
11.753291
11.667145
11.612559
11.570899
11.482064
11.367981
11.182224
10.943976
10.663709
10.385724
10.070258
9.743444
9.378265
9.00779
8.72276
8.568907
8.588006
8.775255
9.016584
9.105969
9.026292
8.730705
8.288285
7.7932034
7.3156853
6.9238143
6.6810126
6.5966845
6.650952
6.7847104
6.961223
7.1262794
7.237425
7.300724
7.305248
7.2628436
7.1755366
6.997522
6.747625
6.433286
6.133708
5.993552
6.0412827
6.2837653
6.6629124
7.1033807
7.5297303
7.861982
8.0325165
8.04023
7.939369
7.7882233
7.6021357
7.40884
7.2478976
7.1747017
7.219092
7.3757844
7.635173
7.9471436
8.247106
8.487512
8.629236
8.682045
8.674691
8.640355
8.55823
8.460928
8.401254
8.380454
8.390651
8.408709
8.400427
8.35445
8.25477
8.088934
7.866028
7.6149364
7.4065795
7.2324753
7.103169
7.032004
7.0285716
7.1659546
7.3845954
7.6633816
7.9545155
8.223391
8.447066
8.60464
8.700495
8.727692
8.669437
8.562317
8.478527
8.422507
8.386652
8.450728
8.725146
9.275115
10.093473
11.148094
12.221791
13.02832
13.472833
13.731797
13.913883
14.096963
14.183158
14.158277
14.081746
13.878832
13.635045
13.404395
13.18743
12.90209
12.598603
12.280748
11.956992
11.68963
11.577945
11.665825
11.896481
12.293658
12.777512
13.276042
13.72225
14.051857
14.182376
14.14121
13.838717
13.422477
13.037894
12.763659
12.602917
12.692061
13.132843
13.800332
14.525481
15.135794
15.559729
15.971581
16.555286
17.540129
19.37075
21.688828
24.094732
26.416979
28.230871
29.145151
29.213892
28.82542
28.228024
27.54373
27.221481
27.560051
28.434902
29.584507
30.786264
31.397202
31.540056
31.334715
30.981194
30.544691
30.099216
29.493406
28.973537
28.667072
28.699203
28.917406
29.610043
30.893282
32.6831
34.691692
37.272522
40.85394
45.301506
50.09614
54.65868
60.054733
65.84269
71.122536
75.00164
76.7234
76.53382
75.09268
73.162346
71.401764
70.20153
71.03217
73.55652
76.931244
79.23449
80.65608
81.60404
83.4656
86.79381
90.821625
94.45026
96.516335
96.79623
94.97034
92.15038
88.922104
85.92561
83.50186
82.350525
82.03304
82.186295
81.97983
81.78589
81.43551
80.79664
81.48724
84.5507
88.29796
92.05026
94.43362
95.05841
93.66572
91.0209
87.61971
84.34643
82.52283
82.072914
82.77887
84.30893
86.34455
88.259384
89.68627
90.56455
90.761894
90.54136
90.258675
90.37183
90.391365
90.54751
90.73055
90.99173
91.64041
92.969795
95.4476
98.85692
102.56795
105.29542
106.390976
105.20485
101.87229
97.99649
94.11994
90.368965
87.21179
84.587494
82.56745
82.32451
84.307144
88.05365
92.29366
96.36469
99.63282
101.55771
102.36775
101.658554
101.3174
102.9532
106.1171
109.514275
113.35801
116.01603
117.9516
117.61218
118.18912
120.391914
124.77804
130.99596
135.07199
135.9972
130.65137
123.749855
115.66998
107.3789
99.244156
93.84372
91.86246
94.58207
99.85243
104.7549
107.3176
108.7337
110.686165
113.17894
115.84375
118.76803
120.39043
120.11809
118.533104
115.4911
111.99722
109.09634
106.56607
103.94862
101.82843
101.05827
101.728485
103.61011
105.308395
106.41342
106.36308
105.21868
103.75304
100.610855
96.213234
92.20724
90.116585
89.39672
89.61034
91.000465
93.097115
95.67718
98.35918
100.34907
101.82089
102.84986
103.814766
104.2459
104.263275
103.869156
102.65314
101.003586
99.22354
97.73062
96.49593
95.250786
94.04992
92.77832
91.25329
89.69018
88.43922
87.26999
85.7405
84.82011
84.86834
85.90228
87.75866
89.92071
92.111855
94.15576
95.81292
96.89977
97.57749
97.99134
98.140724
97.991844
98.00257
98.295364
98.82256
99.56048
100.840126
102.126884
103.48308
106.16309
110.582146
115.87874
123.136734
131.1115
137.64609
140.81444
139.65817
136.94803
136.3907
138.07774
140.7048
145.25706
151.71503
156.41356
158.50566
156.75601
155.56487
154.6477
154.05603
152.76576
151.28609
150.73141
151.74812
153.70514
154.79448
155.46544
155.2395
152.12585
147.47093
143.09798
139.07135
137.87305
138.90227
139.94762
140.54474
141.47937
142.10245
141.86266
141.21735
139.86525
136.66855
132.10158
129.45142
129.63945
131.63443
134.52336
136.66733
137.14807
135.65804
133.2906
131.24751
131.01637
132.28366
134.31221
135.9686
137.20836
137.81357
138.34523
138.6035
138.75938
138.32109
137.29984
135.65047
134.32996
133.40222
133.24602
133.43756
133.64142
133.61313
133.27469
133.27266
133.27
133.39174
133.69797
133.76701
133.77393
133.68138
131.88264
129.479
127.431274
125.75491
124.69289
124.163124
124.242584
125.41375
126.694916
127.64564
128.29442
128.75931
129.75395
132.23921
134.20978
134.9761
134.33458
132.84404
130.99873
129.10991
126.525955
123.71118
120.61066
118.38241
117.78355
118.03812
118.3073
118.23062
117.45594
116.00868
113.528366
110.7591
108.685905
107.71826
107.44958
107.59297
109.209915
110.76635
110.719284
108.90565
106.41934
103.71561
101.43564
99.15032
96.503494
94.87608
94.50458
94.2996
93.99681
94.291885
94.64546
94.7223
94.681694
94.620995
94.50561
94.66733
95.41456
97.61573
100.17114
102.82408
105.15291
107.18453
107.83375
106.60475
104.26698
101.23017
98.644936
96.972565
95.864876
95.16761
94.25703
93.48879
92.50887
91.2659
89.89228
88.291084
87.09084
87.37312
88.52979
90.492615
92.821556
95.861534
100.51582
104.98734
107.29777
106.66328
102.851776
96.78226
90.361664
84.48008
79.72713
76.775505
75.46732
75.55403
76.70586
78.31517
80.013885
81.810455
83.07737
83.84584
84.758804
85.789856
86.90229
88.30672
89.6555
90.82202
91.42326
90.89526
89.28415
86.953636
84.50025
82.75008
81.75141
80.97326
80.0953
79.16208
77.84884
75.79983
73.53604
71.37042
69.56204
68.59265
68.443886
68.720634
69.94413
71.98871
74.206276
75.88152
76.3648
75.9009
74.54009
72.52246
70.29453
68.546524
67.2323
66.27235
65.64832
65.33775
65.37068
65.6337
66.28251
67.197586
68.31214
69.80116
71.292435
72.844894
74.71976
77.748116
81.66762
85.43511
88.73137
91.41235
93.137344
93.96323
94.03292
93.19563
91.91818
90.48877
89.40233
88.94732
88.76218
87.8779
86.62748
84.860435
83.03668
81.410614
79.38428
77.416664
75.98538
74.97625
74.5472
74.6446
74.86628
75.19492
75.7155
76.226456
76.426926
76.28243
75.74853
74.95347
74.17966
73.07459
71.80175
70.60956
69.380936
67.85894
66.439445
65.29704
64.45963
64.8448
65.66679
66.472595
66.88303
66.681595
65.04686
62.383728
58.472183
53.615597
48.942673
45.26323
43.380234
43.062283
44.040714
45.32717
46.59321
47.546555
48.178898
48.632954
