0.67541677
0.62933236
0.53766906
0.41872826
0.29332027
0.17862125
0.086171515
0.021886183
-0.01368214
-0.024072489
-0.015277895
0.005834726
0.032704208
0.06003807
0.08402101
0.102920845
0.11612641
0.12368816
0.12662193
0.12600456
0.122633055
0.11760997
0.11204775
0.10663859
0.10158351
0.097210914
0.09350899
0.090592705
0.08875901
0.08840291
0.089395374
0.0915144
0.09405316
0.09666419
0.09899329
0.10091947
0.10227052
0.103307754
0.104180835
0.10491879
0.10551506
0.10611652
0.10660272
0.107165374
0.10828585
0.10996444
0.112128146
0.11387549
0.1147108
0.11436403
0.11326199
0.11138104
0.10906733
0.10674732
0.10471745
0.10344828
0.102808155
0.10240667
0.10144389
0.099828884
0.09771119
0.09532765
0.0928582
0.09083886
0.0895063
0.08890982
0.08912903
0.090036206
0.09114142
0.09162524
0.09111704
0.08974777
0.08770335
0.083937824
0.07907143
0.0737256
0.068709865
0.06433322
0.060957003
0.058733974
0.058076277
0.058754027
0.06033695
0.06214649
0.063934065
0.065604776
0.06698292
0.06809231
0.0688018
0.06913733
0.06902775
0.06868769
0.06833039
0.06808304
0.0680762
0.06832496
0.06876981
0.069260776
0.07001605
0.07097037
0.07208901
0.07323353
0.07399472
0.07425543
0.074110016
0.07363658
0.07295753
0.07211031
0.071429394
0.07107027
0.071219064
0.071756355
0.07235917
0.07289165
0.07345469
0.074415445
0.07588307
0.0777314
0.080007955
0.082545936
0.08509752
0.08779252
0.09012008
0.09210157
0.09366849
0.094586
0.09490434
0.09472565
0.0942444
0.09375161
0.093498304
0.09348669
0.09328888
0.092825666
0.09237353
0.09217279
0.092224665
0.09243004
0.09274597
0.09315153
0.093858734
0.09503955
0.09661384
0.09793314
0.0990313
0.099861994
0.10017034
0.100075684
0.09967332
0.099253155
0.099806145
0.10147201
0.105033115
0.10988187
0.1157489
0.121645786
0.1274002
0.13291235
0.13749097
0.14080377
0.14283273
0.1436944
0.1433522
0.14208315
0.1395395
0.13641368
0.13327435
0.13034602
0.12800919
0.12650156
0.12623046
0.12698703
0.12817658
0.1293762
0.13028064
0.13126361
0.13234758
0.13341582
0.1342751
0.13473837
0.13453211
0.13396353
0.13359395
0.13355106
0.13496543
0.13769756
0.14137977
0.14569587
0.14991677
0.15412202
0.15918225
0.1660088
0.1735338
0.18006767
0.18533981
0.18931267
0.19174342
0.19341883
0.19453587
0.19478445
0.1938895
0.19205745
0.18981971
0.18710017
0.1846234
0.18287866
0.18199535
0.18171816
0.18381394
0.1887065
0.19470501
0.20136818
0.20712358
0.21124868
0.21341377
0.2142454
0.2133188
0.21127988
0.20928755
0.2078686
0.20728919
0.20703053
0.20742963
0.20839009
0.20955081
0.21006426
0.20972727
0.20905404
0.20811774
0.20707382
0.2060992
0.20553984
0.20515461
0.20409314
0.20266372
0.20028825
0.19727607
0.19378616
0.19050583
0.1868715
0.18318191
0.17906986
0.1750254
0.17218308
0.17098336
0.17177962
0.17444398
0.1774178
0.17805047
0.1764084
0.17206952
0.16609462
0.15972382
0.15375154
0.14900002
0.14616813
0.14525822
0.14594015
0.14742707
0.14930902
0.15092985
0.15183088
0.15218653
0.15189417
0.15113361
0.14993006
0.14765224
0.1445659
0.14072268
0.1371212
0.13561457
0.13643004
0.13955802
0.14417917
0.14934947
0.15421192
0.15788831
0.15961775
0.1594879
0.1582434
0.15661862
0.15464818
0.15262339
0.15100682
0.15050752
0.15145104
0.1536918
0.15702844
0.16079064
0.16421832
0.16680382
0.16814317
0.16846846
0.16820376
0.1677802
0.16685705
0.16580044
0.16525158
0.16514751
0.16535532
0.16557714
0.16538477
0.16470316
0.16332582
0.1611103
0.15817551
0.15491794
0.15226491
0.1500787
0.14845952
0.14761043
0.14764857
0.14952095
0.15235491
0.15585886
0.15941541
0.16257471
0.16505668
0.16660947
0.16740982
0.16744062
0.16652367
0.16517407
0.16428442
0.16385221
0.1637292
0.16490732
0.16873062
0.17591056
0.18621638
0.19925003
0.21224616
0.22165263
0.22654721
0.22949474
0.23189357
0.23461197
0.23624428
0.23657115
0.2362841
0.2343318
0.23186846
0.22955786
0.22734115
0.2241218
0.2206121
0.21686733
0.2130162
0.20988572
0.20874006
0.21007189
0.21306972
0.21804409
0.22394477
0.22987944
0.23506768
0.23878135
0.23997946
0.23909822
0.23505127
0.22994643
0.22562212
0.22290091
0.22156955
0.22333118
0.22940147
0.2380352
0.24707264
0.25439513
0.2592914
0.26427406
0.2717415
0.28452954
0.30828217
0.3376025
0.36725345
0.3954272
0.4169451
0.42712966
0.42738906
0.42308035
0.41718665
0.4107784
0.40938863
0.41636074
0.42943406
0.44497746
0.46041554
0.46754536
0.46875876
0.46595958
0.46185637
0.45712584
0.45256048
0.4458535
0.44032592
0.43750834
0.43888828
0.44222593
0.45135388
0.46778852
0.49037346
0.515258
0.5476534
0.5933115
0.6500888
0.7108436
0.76828253
0.8376535
0.91271174
0.9815487
1.032596
1.0561514
1.0559785
1.0404977
1.0195974
1.0016729
0.9912222
1.0076119
1.0447294
1.0909218
1.1207281
1.1387047
1.150104
1.1732947
1.2153788
1.2658675
1.3115685
1.3379405
1.343163
1.3224089
1.2902334
1.2533331
1.2193873
1.191891
1.1807308
1.1793411
1.1828592
1.1801018
1.1770339
1.1715394
1.1623974
1.1721302
1.2137868
1.2626462
1.3107214
1.3401197
1.346895
1.3281131
1.2941025
1.2509688
1.2102842
1.1895877
1.1863654
1.1970255
1.2165102
1.2398279
1.2599633
1.273481
1.2806859
1.2804152
1.2764602
1.2734537
1.2765858
1.2768909
1.2773743
1.2768193
1.276833
1.2823236
1.2970716
1.3269938
1.3694464
1.416942
1.4529687
1.4691639
1.4565889
1.4162803
1.3683794
1.3194683
1.2716895
1.2317463
1.198532
1.1728046
1.170115
1.1960093
1.2442235
1.2982411
1.350057
1.3917658
1.4165765
1.4283229
1.4212242
1.4204897
1.4467287
1.4927219
1.5402151
1.5926796
1.6274904
1.6527689
1.6471044
1.6559215
1.6878171
1.7494193
1.834879
1.8898071
1.9033873
1.8335303
1.7465758
1.6450036
1.541117
1.4387691
1.3731916
1.351523
1.3903016
1.4580683
1.5170916
1.5438932
1.5579184
1.5822445
1.6146022
1.649076
1.686801
1.7068954
1.7024
1.6817689
1.6427106
1.5983742
1.5621899
1.5300337
1.495097
1.4659334
1.4543642
1.4614853
1.4838663
1.5018839
1.5106772
1.5043955
1.4852531
1.4641306
1.4222121
1.3651103
1.3146456
1.2901194
1.2824492
1.2853479
1.3022327
1.326826
1.3568952
1.387943
1.409792
1.4258761
1.437475
1.4496025
1.4557928
1.4566227
1.4517071
1.4358002
1.414883
1.392831
1.3748304
1.3598682
1.3439218
1.3282148
1.311225
1.2905403
1.2693125
1.2523391
1.2357988
1.2146363
1.2024149
1.2033142
1.2169384
1.2407515
1.2678038
1.2950885
1.3202808
1.3406583
1.3543009
1.363246
1.3692074
1.3719146
1.3708388
1.3722591
1.3774734
1.3857558
1.3963028
1.4135976
1.4298128
1.4464103
1.4808117
1.539102
1.6089535
1.7054415
1.8112622
1.8982021
1.9420129
1.9300001
1.8997083
1.8989798
1.9270856
1.9657344
2.0288875
2.1168714
2.1802776
2.2102108
2.1903365
2.1830142
2.1802578
2.1810365
2.1703868
2.1570437
2.1555603
2.1734016
2.201573
2.215897
2.2244594
2.2206004
2.1769204
2.1124039
2.053326
1.9999359
1.9861846
2.0016434
2.0154672
2.0221786
2.0338376
2.0409992
2.0361645
2.0261664
2.0068393
1.9629607
1.9012017
1.8661166
1.868402
1.893065
1.9282129
1.9525224
1.9550797
1.9317676
1.8976129
1.8689337
1.8656753
1.8823667
1.9086772
1.9281932
1.9415498
1.9461061
1.9501817
1.949996
1.949279
1.941363
1.9265759
1.9041682
1.8874463
1.8774223
1.8785245
1.8838981
1.8883414
1.8879011
1.8824321
1.8821362
1.8820512
1.8834503
1.8870008
1.8871174
1.8862253
1.8845409
1.8600972
1.8290249
1.803137
1.7818079
1.7680435
1.7607943
1.7614466
1.777201
1.794094
1.8071542
1.8166783
1.823868
1.8388423
1.8730518
1.8978257
1.9057249
1.8951476
1.8742898
1.8497478
1.8251168
1.7911311
1.7547829
1.7150682
1.6870661
1.6801217
1.6829947
1.6845313
1.680772
1.6673906
1.645766
1.61025
1.5713344
1.542202
1.5278958
1.5226231
1.5226994
1.5425464
1.5603225
1.5565997
1.5304288
1.4965461
1.4605281
1.4305582
1.3999872
1.3638647
1.3409616
1.3339198
1.3281082
1.3204509
1.3204062
1.3211036
1.318926
1.3163316
1.31452
1.3131512
1.3163236
1.3277987
1.3591207
1.3944157
1.4302074
1.4603847
1.4866475
1.4953529
1.4806589
1.4530393
1.4168911
1.386841
1.3679795
1.355151
1.3461564
1.3331382
1.3217146
1.3076652
1.2906547
1.2724704
1.2519065
1.2376555
1.2436496
1.2600437
1.2854377
1.3140908
1.3512022
1.4094503
1.4639814
1.4902514
1.4795562
1.4294709
1.352184
1.2724389
1.2002466
1.1420518
1.105562
1.0877483
1.0858356
1.0962423
1.1118057
1.1294029
1.1496115
1.1639826
1.1733084
1.1858975
1.2005816
1.2163476
1.2356607
1.2535495
1.2683429
1.2741307
1.2640771
1.2399892
1.2077035
1.1749798
1.1530747
1.142097
1.1340426
1.1247973
1.1147984
1.099414
1.0737486
1.0452527
1.0179288
0.99417084
0.980585
0.9768601
0.9779594
0.9909807
1.0135915
1.0378834
1.055024
1.0568838
1.0475149
1.0279382
1.0007247
0.97166866
0.950268
0.9351018
0.924066
0.9165287
0.9121583
0.91176564
0.9142712
0.92213506
0.9337203
0.9480398
0.9672158
0.98611575
1.00523
1.028295
1.0655859
1.113771
1.1597995
1.2004012
1.2341857
1.2572292
1.2707701
1.2758248
1.2694402
1.2571632
1.2422862
1.2310013
1.2277124
1.2274822
1.2168242
1.2007419
1.1775777
1.1538162
1.1328138
1.1067148
1.0814326
1.0630469
1.0495639
1.0430416
1.0428283
1.043874
1.0464087
1.0515289
1.0568368
1.0585206
1.0560445
1.0488124
1.0384957
1.028595
1.0140513
0.9974802
0.98203397
0.9661165
0.9464087
0.9281736
0.9134774
0.90254736
0.9077067
0.9175263
0.9258355
0.9282617
0.92279816
0.8992645
0.8637537
0.81358016
0.75281066
0.6956953
0.65171355
0.63003796
0.62635154
0.6371726
0.64994556
0.6617225
0.6694669
0.67372423
