0.03284500166773796
0.03345799818634987
0.03275100141763687
0.03418000042438507
0.034595001488924026
0.034720998257398605
0.037271998822689056
0.037046998739242554
0.036435000598430634
0.03635900095105171
0.03687399998307228
0.03682500123977661
0.037689998745918274
0.036965999752283096
0.04165999963879585
0.04255300015211105
0.041391000151634216
0.04497800022363663
0.04485100135207176
0.041978999972343445
0.043873000890016556
0.04598899930715561
0.04565399885177612
0.043333999812603
0.04500399902462959
0.043248001486063004
0.04458099976181984
0.047912001609802246
0.05285700038075447
0.05351400002837181
0.0560699999332428
0.05379299819469452
0.056092001497745514
0.055768001824617386
0.05697900056838989
0.05599600076675415
0.059230998158454895
0.05975700169801712
0.059790000319480896
0.05994400009512901
0.0618089996278286
0.06039400026202202
0.06322800368070602
0.06837300211191177
0.0685809999704361
0.07057999819517136
0.06386300176382065
0.06265400350093842
0.06004200130701065
0.06259699910879135
0.05764500051736832
0.0582600012421608
0.058639999479055405
0.05833600088953972
0.06151000037789345
0.058959998190402985
0.05636399984359741
0.0494530014693737
0.049685001373291016
0.04861599951982498
0.047540999948978424
0.04593199864029884
0.04895300045609474
0.048760998994112015
0.049003999680280685
0.05105699971318245
0.051447998732328415
0.048944998532533646
0.04329099878668785
0.041482001543045044
0.04149499908089638
0.03964899852871895
0.02396100014448166
0.028436999768018723
0.026009000837802887
0.02711999975144863
0.02412099950015545
0.02524299919605255
0.025335999205708504
0.03045099973678589
0.029368000105023384
0.029413999989628792
0.02708899974822998
0.029082000255584717
0.030162999406456947
0.029438000172376633
0.030727000907063484
0.029301000759005547
0.029771000146865845
0.028248999267816544
0.02987300045788288
0.030553000047802925
0.030855000019073486
0.03198400139808655
0.032294999808073044
0.03250499814748764
0.032003000378608704
0.03561599925160408
0.03513700142502785
0.03631399944424629
0.036198001354932785
0.0332150012254715
0.03335399925708771
0.03380599990487099
0.03310700133442879
0.0329740010201931
0.031863000243902206
0.034407999366521835
0.03457299992442131
0.036552999168634415
0.035815998911857605
0.03417700156569481
0.034699998795986176
0.03655900061130524
0.04060500115156174
0.041868001222610474
0.04240800067782402
0.045878998935222626
0.04660100117325783
0.04719499871134758
0.051695000380277634
0.047846000641584396
0.051259998232126236
0.0510139986872673
0.04892899841070175
0.04966399818658829
0.04935799911618233
0.04976699873805046
0.05110599845647812
0.052303001284599304
0.051736000925302505
0.04767699912190437
0.04810800030827522
0.05042099952697754
0.051472000777721405
0.0508899986743927
0.0504629984498024
0.05093200132250786
0.051343001425266266
0.05425199866294861
0.05644899979233742
0.05687500163912773
0.05224600061774254
0.05583300068974495
0.05532199889421463
0.05264100059866905
0.05401099845767021
0.05342999845743179
0.05518300086259842
0.06455899775028229
0.06465999782085419
0.07695800065994263
0.07435200363397598
0.08116800338029861
0.07845599949359894
0.08543899655342102
0.08900000154972076
0.08544199913740158
0.08602599799633026
0.08665399998426437
0.08642999827861786
0.08340699970722198
0.08353099972009659
0.0753600001335144
0.0795539990067482
0.07902800291776657
0.07674799859523773
0.07838699966669083
0.0790729969739914
0.0834449976682663
0.08217400312423706
0.07960300147533417
0.07933899760246277
0.0784749984741211
0.08360999822616577
0.08295000344514847
0.0825830027461052
0.08169099688529968
0.08056099712848663
0.07767900079488754
0.08039200305938721
0.08387000113725662
0.08311600238084793
0.09595400094985962
0.09432599693536758
0.0965379998087883
0.09995199739933014
0.09821099787950516
0.10522100329399109
0.11755400151014328
0.1299079954624176
0.1242929995059967
0.11831600219011307
0.12521399557590485
0.12678299844264984
0.12415599822998047
0.13196299970149994
0.13036899268627167
0.12592199444770813
0.12248600274324417
0.12247700244188309
0.12371200323104858
0.11792399734258652
0.1229650005698204
0.12392199784517288
0.1237730011343956
0.12188799679279327
0.14357799291610718
0.14810800552368164
0.13877099752426147
0.14859800040721893
0.1398790031671524
0.14058800041675568
0.13879799842834473
0.14357300102710724
0.13350500166416168
0.13733500242233276
0.14301800727844238
0.14269499480724335
0.14404800534248352
0.13915500044822693
0.1457809954881668
0.14524400234222412
0.1438550055027008
0.13743600249290466
0.13739800453186035
0.14124499261379242
0.13833799958229065
0.1383029967546463
0.13847100734710693
0.1409199982881546
0.13742700219154358
0.12927499413490295
0.13364200294017792
0.12375999987125397
0.12527599930763245
0.12159500271081924
0.12448800355195999
0.11329200118780136
0.1152850016951561
0.10682400315999985
0.1094530001282692
0.11671199649572372
0.11743699759244919
0.12268800288438797
0.1254110038280487
0.11561299860477448
0.09615399688482285
0.10244499891996384
0.08992300182580948
0.09306000173091888
0.09333299845457077
0.09101100265979767
0.09334900230169296
0.09715600311756134
0.09698899835348129
0.09759800136089325
0.09485600143671036
0.09676899760961533
0.09349600225687027
0.09165000170469284
0.09421700239181519
0.09108100086450577
0.09165699779987335
0.08943299949169159
0.08042799681425095
0.08175399899482727
0.07676299661397934
0.08281700313091278
0.09684500098228455
0.09556400030851364
0.10128699988126755
0.10066699981689453
0.10118100047111511
0.10106199979782104
0.09786500036716461
0.09292100369930267
0.09341300278902054
0.09634800255298615
0.09754399955272675
0.09280800074338913
0.09380000084638596
0.09615200012922287
0.10192500054836273
0.10502500087022781
0.10653799772262573
0.11003399640321732
0.10885199904441833
0.10729700326919556
0.10663499683141708
0.10406400263309479
0.10610400140285492
0.10738799721002579
0.10867699980735779
0.1024940013885498
0.10618700087070465
0.11057200282812119
0.10808300226926804
0.10807500034570694
0.10635100305080414
0.10309699922800064
0.10282699763774872
0.0989769995212555
0.09537599980831146
0.0933689996600151
0.09305600076913834
0.09819699823856354
0.0921429991722107
0.09343399852514267
0.09536900371313095
0.09699399769306183
0.10910499840974808
0.10137899965047836
0.10662099719047546
0.10532499849796295
0.10580500215291977
0.10596500337123871
0.10452499985694885
0.10639099776744843
0.10420200228691101
0.10053099691867828
0.10400799661874771
0.1096000000834465
0.10640300065279007
0.10586600005626678
0.11822599917650223
0.1329450011253357
0.14475999772548676
0.15351000428199768
0.1663230061531067
0.1551620066165924
0.13828100264072418
0.1410280019044876
0.16479100286960602
0.16663900017738342
0.1713079959154129
0.15598300099372864
0.1585569977760315
0.16421200335025787
0.14824099838733673
0.1596679985523224
0.1588670015335083
0.1541299968957901
0.1409280002117157
0.1481650024652481
0.14199399948120117
0.13944900035858154
0.14445999264717102
0.15396399796009064
0.15799200534820557
0.15430499613285065
0.1675889939069748
0.16348299384117126
0.16498799622058868
0.1647139936685562
0.1619880050420761
0.15265600383281708
0.15617899596691132
0.13639399409294128
0.15288299322128296
0.15756399929523468
0.15782399475574493
0.15442200005054474
0.17673499882221222
0.19216400384902954
0.18403999507427216
0.18139700591564178
0.17534999549388885
0.17742300033569336
0.20499500632286072
0.2247619926929474
0.25831401348114014
0.3318980038166046
0.2999800145626068
0.3055970072746277
0.33297300338745117
0.3048950135707855
0.2754659950733185
0.2870030105113983
0.3136090040206909
0.3103959858417511
0.3025299906730652
0.35244399309158325
0.3798519968986511
0.3714280128479004
0.3691369891166687
0.37539398670196533
0.3102090060710907
0.34957700967788696
0.345643013715744
0.35388100147247314
0.34388598799705505
0.34423398971557617
0.3130800127983093
0.34612900018692017
0.348131000995636
0.362619012594223
0.344897985458374
0.4020330011844635
0.4262470006942749
0.4413999915122986
0.44105100631713867
0.5378739833831787
0.6278859972953796
0.663237988948822
0.6825109720230103
0.7035160064697266
0.9303179979324341
0.9277409911155701
0.925586998462677
0.905718982219696
0.8484190106391907
0.8610119819641113
0.8709509968757629
0.8909199833869934
0.9141190052032471
0.9276490211486816
1.1229579448699951
1.1005200147628784
1.0991510152816772
0.954708993434906
1.05165696144104
1.0791159868240356
1.2411049604415894
1.3248599767684937
1.3080589771270752
1.2923879623413086
1.2255820035934448
1.2165930271148682
1.1148680448532104
1.1685229539871216
1.131011962890625
1.1333669424057007
1.1180529594421387
1.195160984992981
1.1350029706954956
1.1247899532318115
1.0391440391540527
1.1033140420913696
1.0591540336608887
1.033539056777954
1.2429529428482056
1.3786729574203491
1.2390060424804688
1.3021700382232666
1.2065409421920776
1.18913996219635
1.1098740100860596
1.1215519905090332
1.0750019550323486
1.1015739440917969
1.2139689922332764
1.1765769720077515
1.1911239624023438
1.2025409936904907
1.2133170366287231
1.1932640075683594
1.189244031906128
1.1965090036392212
1.1732770204544067
1.1914199590682983
1.2143000364303589
1.2553540468215942
1.1751489639282227
1.2194360494613647
1.2035399675369263
1.2187579870224
1.2667349576950073
1.3161269426345825
1.4117859601974487
1.4554200172424316
1.4815880060195923
1.4169490337371826
1.3848689794540405
1.275501012802124
1.1979589462280273
1.2659339904785156
1.2067350149154663
1.147017002105713
1.155701994895935
1.101354956626892
1.0882500410079956
1.2340190410614014
1.306926965713501
1.3356659412384033
1.3080140352249146
1.3524490594863892
1.3530709743499756
1.3268120288848877
1.362030029296875
1.274111032485962
1.4755289554595947
1.650123953819275
1.65345299243927
1.619554042816162
1.7705620527267456
1.6446959972381592
1.7640769481658936
1.5527750253677368
1.9336680173873901
2.004796028137207
2.1740269660949707
2.309113025665283
2.032226085662842
2.003662109375
1.4825210571289062
1.8104690313339233
1.5522769689559937
1.463621973991394
1.325435996055603
1.5494849681854248
1.5553690195083618
1.7827019691467285
1.6459599733352661
1.5119869709014893
1.4062319993972778
1.577278971672058
1.742777943611145
1.7347530126571655
1.7528239488601685
1.8404710292816162
1.710908055305481
1.6590089797973633
1.6782480478286743
1.5641059875488281
1.5880299806594849
1.6248259544372559
1.5318570137023926
1.436378002166748
1.4802199602127075
1.5583590269088745
1.5751099586486816
1.597756028175354
1.4825730323791504
1.482193946838379
1.415395975112915
1.390570044517517
1.4291880130767822
1.1774799823760986
1.1532540321350098
1.2528959512710571
1.3560869693756104
1.256477952003479
1.250440001487732
1.3352019786834717
1.3247519731521606
1.3684370517730713
1.383471965789795
1.3356109857559204
1.3943970203399658
1.4068360328674316
1.458184003829956
1.4048980474472046
1.4180530309677124
1.4031180143356323
1.3301459550857544
1.3494739532470703
1.3360849618911743
1.3481450080871582
1.3150990009307861
1.2650829553604126
1.2622580528259277
1.2231919765472412
1.1737149953842163
1.172302007675171
1.183698058128357
1.121116042137146
1.0562909841537476
1.168097972869873
1.1861610412597656
1.206307053565979
1.2334970235824585
1.2285009622573853
1.2584929466247559
1.2784459590911865
1.2835040092468262
1.2840839624404907
1.3089519739151
1.3223450183868408
1.3177299499511719
1.3100680112838745
1.3650259971618652
1.3765640258789062
1.386144995689392
1.401785969734192
1.4706770181655884
1.4278299808502197
1.4776400327682495
1.6725660562515259
1.7980380058288574
1.8238780498504639
2.1360790729522705
2.1916871070861816
2.1691529750823975
2.0794169902801514
1.9266010522842407
2.108560085296631
2.4281399250030518
2.4577019214630127
2.4354350566864014
2.7137250900268555
2.917386054992676
2.7210910320281982
2.7381319999694824
2.5355279445648193
2.944196939468384
2.847490072250366
2.8559861183166504
2.7331600189208984
2.772475004196167
2.870767116546631
2.963438034057617
2.9682390689849854
2.8328070640563965
2.9108240604400635
2.831897020339966
2.502490997314453
2.4749889373779297
2.5176661014556885
2.385910987854004
2.6339499950408936
2.5817270278930664
2.400662899017334
2.3956379890441895
2.5016350746154785
2.420969009399414
2.346419095993042
2.3699779510498047
2.282299041748047
2.0639889240264893
1.9870280027389526
2.2661819458007812
2.3309409618377686
2.281269073486328
2.3015410900115967
2.2084949016571045
2.1359050273895264
2.0391390323638916
2.065687894821167
2.1144518852233887
2.258126974105835
2.2514588832855225
2.252872943878174
2.189234972000122
2.233124017715454
2.2121551036834717
2.2769949436187744
2.237175941467285
2.2666149139404297
2.197213888168335
2.173388957977295
2.119189977645874
2.1890530586242676
2.170362949371338
2.214651107788086
2.177712917327881
2.1569631099700928
2.128262996673584
2.112962007522583
2.1859500408172607
2.1365909576416016
2.1541988849639893
2.1668150424957275
2.1234350204467773
2.144066095352173
2.138777017593384
1.9132369756698608
1.9882190227508545
2.0121870040893555
1.9574220180511475
1.9650260210037231
1.9500019550323486
1.9713770151138306
2.0637009143829346
1.9848819971084595
1.9862060546875
2.0066089630126953
2.021872043609619
2.1244189739227295
2.2734830379486084
2.101802110671997
2.085524082183838
2.0457661151885986
2.0531039237976074
2.0408530235290527
2.015587091445923
1.8772350549697876
1.875540018081665
1.7883310317993164
1.8647929430007935
1.9217360019683838
1.8397630453109741
1.7765549421310425
1.7505029439926147
1.6864229440689087
1.6513450145721436
1.5284199714660645
1.5461180210113525
1.5928549766540527
1.6025079488754272
1.5549030303955078
1.547713041305542
1.715366005897522
1.5565550327301025
1.420706033706665
1.3781050443649292
1.425392985343933
1.3819409608840942
1.3970739841461182
1.2904399633407593
1.2116889953613281
1.354248046875
1.3472820520401
1.2253479957580566
1.2228349447250366
1.3118469715118408
1.2405339479446411
1.2198920249938965
1.2425340414047241
1.2446609735488892
1.2382400035858154
1.2808589935302734
1.3280409574508667
1.4746910333633423
1.3923670053482056
1.4534950256347656
1.4560450315475464
1.5129129886627197
1.4022639989852905
1.330814003944397
1.360414981842041
1.310209035873413
1.3769750595092773
1.3775839805603027
1.3216370344161987
1.3116580247879028
1.236001968383789
1.2797820568084717
1.2115470170974731
1.1875120401382446
1.17385995388031
1.128051996231079
1.1851099729537964
1.3045350313186646
1.2331609725952148
1.2909259796142578
1.2962629795074463
1.407251000404358
1.5941309928894043
1.4655410051345825
1.34175705909729
1.2580549716949463
1.1232329607009888
1.066715955734253
1.122370958328247
1.0665980577468872
1.0435739755630493
1.0790469646453857
1.0435329675674438
1.0506060123443604
1.0595699548721313
1.0374729633331299
1.0523029565811157
1.0886240005493164
1.028905987739563
1.0564440488815308
1.1356240510940552
1.1273449659347534
1.1445469856262207
1.1973069906234741
1.1787199974060059
1.1948100328445435
1.1524779796600342
1.080346941947937
1.0581990480422974
1.0458190441131592
1.050266981124878
1.1075860261917114
1.0849809646606445
1.0198949575424194
0.9971129894256592
0.9977030158042908
0.9329019784927368
0.8582360148429871
0.8890169858932495
0.8691689968109131
0.8534250259399414
0.8980270028114319
0.8879179954528809
0.858335018157959
0.9598280191421509
0.9623460173606873
0.9386619925498962
0.902658998966217
0.8428890109062195
0.8656719923019409
0.8237519860267639
0.7973790168762207
0.8012499809265137
0.8492929935455322
0.8063160181045532
0.7901250123977661
0.7906739711761475
0.7909950017929077
0.8039169907569885
0.8000059723854065
0.8383740186691284
0.8367840051651001
0.8534330129623413
0.9010990262031555
0.8770920038223267
0.916782021522522
0.9764400124549866
1.1074819564819336
1.130010962486267
1.0978879928588867
1.1505939960479736
1.1821479797363281
1.1701840162277222
1.1911120414733887
1.1903849840164185
1.1418509483337402
1.1654249429702759
1.1560070514678955
1.1859409809112549
1.2129449844360352
1.170801043510437
1.052770972251892
1.0918940305709839
1.0263259410858154
1.0450149774551392
1.0308849811553955
0.92044997215271
0.955145001411438
0.9746959805488586
0.9324120283126831
0.9547169804573059
0.9526399970054626
0.9174659848213196
0.9367300271987915
0.9533330202102661
0.9373409748077393
0.9104740023612976
0.9071540236473083
0.8885030150413513
0.8863499760627747
0.8986949920654297
0.8276450037956238
0.840595006942749
0.8439499735832214
0.8050429821014404
0.756659984588623
0.7903439998626709
0.7815290093421936
0.7711449861526489
0.8969420194625854
0.7911520004272461
0.7833589911460876
0.7618820071220398
0.73956298828125
0.6100879907608032
0.6289629936218262
0.5127999782562256
0.47374600172042847
0.5288770198822021
0.5393580198287964
0.5975000262260437
0.5567160248756409
0.5780770182609558
0.5056149959564209
0.5333210229873657
0.5179070234298706
0.5283139944076538
0.5297068357467651
