512910.8125
512853.96875
498416.75
527076.25
531796.125
531863.1875
557805.0
587512.375
577281.125
560959.5625
579751.875
570347.625
581358.3125
576030.0
625492.125
622867.0
619001.5
634351.875
635330.25
618567.375
615025.9375
622532.8125
617293.625
599645.0625
602374.8125
596840.9375
613184.875
636606.5625
666709.6875
664368.875
680558.6875
668553.5
671581.1875
668112.75
662852.0
652858.25
684379.6875
693764.0625
700566.6875
705513.875
723501.875
702781.3125
727697.125
736310.6875
728065.625
737593.6875
707359.875
710589.75
691482.6875
726014.75
689985.5625
690676.4375
696334.0625
694662.0
713421.3125
695287.375
671481.8125
632196.0
629795.5
625934.4375
620669.5625
617995.125
642377.0
645247.625
643466.8125
670517.5
675041.0
659383.8125
600030.75
589784.625
587119.4375
586831.125
370008.5625
411486.1875
384613.875
398630.21875
372605.9375
386826.6875
392791.21875
465331.3125
468767.71875
467730.8125
440398.625
491303.625
511582.4375
506731.90625
501893.40625
484432.59375
467390.5
446500.71875
484874.40625
485055.25
505986.5625
517483.96875
514565.46875
524816.4375
517755.6875
552472.875
542859.875
557164.125
554308.9375
522989.25
522500.9375
531033.3125
521994.03125
519791.875
508125.40625
546993.3125
542858.125
555218.625
550494.25
527109.1875
529577.8125
543825.8125
564617.4375
576269.6875
577601.25
585831.8125
593921.875
593896.1875
662441.8125
652947.5625
672472.375
681614.25
672054.6875
674153.1875
683718.375
706511.875
753450.375
742885.0625
724377.5625
661405.1875
653199.75
663584.6875
699292.625
734847.1875
707795.625
711499.6875
733332.25
735426.3125
736585.4375
719366.0
686917.1875
697830.8125
699860.6875
668024.0625
675890.25
666958.125
696799.8125
721099.1875
712872.875
732606.3125
714529.4375
767767.0
715364.75
727420.75
739536.4375
730371.125
729475.4375
736968.5
736812.8125
739674.75
746965.1875
708222.8125
720136.4375
719713.625
712992.6875
718047.8125
728741.8125
724133.625
719070.6875
708232.3125
711612.0
709423.625
731276.8125
728123.0
705452.875
699862.625
692973.125
684084.8125
691438.1875
694011.0625
690443.9375
696325.6875
683252.1875
678634.875
682009.1875
677638.0
699483.0625
693029.3125
706560.625
697124.25
697383.125
694832.4375
697210.0
695231.125
696265.9375
690849.5625
686567.75
685416.75
685989.5625
687995.0625
685029.5
698836.9375
710687.8125
717179.625
712641.4375
723119.375
740510.875
822141.9375
817375.875
830489.3125
830777.6875
848466.1875
881145.125
828115.3125
845338.0625
841131.125
878648.375
882346.75
870409.25
881853.25
875972.8125
889387.3125
851413.5
866195.5625
881735.6875
880955.25
888203.3125
890807.1875
915978.5625
894266.0
881539.6875
890749.0
868617.0625
875311.0
873954.3125
873601.4375
843803.6875
853137.9375
835375.125
844085.6875
841479.8125
856445.4375
857813.75
874639.1875
836109.375
752531.375
769950.4375
744882.125
753452.625
761595.1875
747574.6875
751046.25
762048.75
764222.8125
767254.125
758577.6875
783969.75
794767.375
807217.4375
805666.625
805632.625
816656.5
804346.375
769813.625
774611.125
755983.125
795464.8125
788047.9375
792322.9375
794132.5
789998.0
799537.4375
793039.1875
777921.0625
775458.0
773504.25
782322.0625
789166.375
780679.375
782445.125
799923.3125
807276.125
824196.0625
831216.6875
847598.0
838872.9375
837731.9375
843431.0625
831547.75
834190.1875
843384.5
861833.8125
875624.8125
945436.75
955938.875
954789.1875
967822.6875
962171.1875
966898.375
1007752.875
984616.5625
998199.5625
1010758.25
1028253.1875
1025276.0625
1008973.5
1041555.25
1048590.375
1155050.875
1151581.75
1097418.25
1145147.375
1133938.25
1135889.25
1170436.875
1218894.75
1216295.125
1197685.375
1189296.0
1243985.5
1315554.25
1321773.875
1320301.625
1381006.0
1382557.375
1362157.375
1363430.5
1413212.875
1382251.625
1266291.375
1264934.5
1310423.375
1344213.625
1452322.5
1385217.0
1414407.125
1437778.25
1380015.625
1413554.5
1427727.5
1416537.0
1350741.875
1369604.5
1347820.25
1331632.875
1386549.75
1411568.625
1417556.75
1427655.25
1568584.75
1676864.375
1703118.125
1756989.125
1727846.0
1685955.875
1762833.75
1716141.375
1745972.625
1814318.625
1944683.375
1936930.75
1991956.25
2009443.875
2110859.25
2118790.25
2147022.75
2348254.25
2395940.25
2336819.0
2487166.5
2693424.25
2891625.75
2993704.25
2953814.25
2813688.5
2614815.75
2481337.5
2730439.75
2864221.75
2694199.0
2645725.5
2617995.75
2680935.25
2640030.25
2591756.25
2248893.5
2409401.0
2340918.75
2356991.0
2361793.5
2374998.5
2222773.5
2440985.25
2501913.5
2498482.75
2414384.5
2452240.0
2589344.75
2730151.0
2695098.25
2776459.25
2858106.25
2831977.75
3369115.0
3386420.25
3270382.75
3483475.5
3448422.25
3419439.0
3536634.0
3482678.5
3588405.0
3796127.0
3752245.0
4054759.5
4071170.25
4175234.25
3927762.0
3534027.0
3598459.75
3444981.25
3410439.5
3399303.75
3326373.5
3638530.75
3545103.5
3689294.5
3551448.0
3580544.25
3579452.0
3747472.0
3831271.25
3989882.75
4072166.0
4198921.0
4167426.5
4451714.0
4310706.5
4054141.25
4119249.75
4272263.5
4204622.0
4226751.0
4224360.0
4165414.75
3946860.5
3974729.0
3833831.5
3754396.75
3994554.75
4055135.0
4053488.75
4200873.5
4327242.0
4313079.0
4330986.5
4357392.5
4226751.5
4311483.0
4327746.5
4276035.5
4170133.5
4347744.0
4352631.5
4468330.5
4499101.5
4491485.5
4774301.0
4734890.5
4731307.5
4591076.5
4524215.5
4191673.0
4172547.0
4260859.5
4066144.75
3886924.75
3825294.75
3747273.5
3668868.0
4041646.0
4104108.5
4074136.75
3968757.5
4279028.5
4284798.5
4196083.0
4223535.0
3934903.0
4237814.0
4151654.75
4203679.5
4310081.5
4267878.5
4105709.25
4160718.0
3621502.0
3651423.0
3655200.5
3426544.5
3404260.75
3189991.25
3137897.75
2709442.75
2978043.25
2720086.5
2736998.5
2535125.0
2819221.5
2795880.0
2855617.5
2793746.75
2584281.75
2505985.25
2582873.75
2706163.5
2672689.5
2741540.0
2863975.0
2689965.5
2592088.0
2614724.0
2443543.25
2442683.75
2725654.0
2679750.5
2734065.25
2603574.75
2863208.75
2943230.5
2963664.75
2830947.25
2825630.25
2653413.0
2640706.5
2646819.5
2348365.75
2416225.25
2503838.25
2571625.25
2347012.25
2387702.0
2571713.5
2557977.0
2664539.75
2606038.0
2503053.25
2524721.5
2582215.75
2628306.0
2507936.75
2559397.0
2533128.5
2456651.5
2517635.75
2496965.25
2550786.0
2471501.5
2441512.5
2444258.75
2368921.5
2345052.25
2353344.25
2371928.75
2311138.5
2221459.25
2390334.5
2405822.0
2500114.5
2552849.75
2631791.5
2773796.25
2935918.0
2975305.0
2970715.25
3141450.5
3096127.25
2973306.5
2913965.25
2831506.5
2948865.25
3027324.25
3178784.75
3306508.5
3262594.0
3452667.0
3393156.0
3378509.0
3299260.5
3547077.0
3495394.0
3491689.5
3410852.25
3323758.75
3327386.75
3477168.25
3665984.75
3633810.0
3664685.0
3671674.5
3537172.75
3628118.75
3481063.0
3605655.25
3594170.0
3588839.0
3454374.5
3443024.0
3565117.5
3603614.5
3651584.75
3645690.5
3777727.5
3848050.75
3435499.0
3402109.25
3411249.5
3300138.75
3323487.0
3386781.25
3306672.0
3468075.0
3540005.25
3515190.0
3483557.25
3558055.0
3482905.25
3155842.75
3003004.0
3219073.0
3315061.0
3162135.0
3153044.25
3189358.0
3118076.25
3043267.25
3089169.75
3251677.75
3567979.5
3537914.0
3574140.25
3662498.25
3841122.5
4139246.0
4026320.25
4064102.5
4129844.5
4124631.5
4334517.5
4230211.5
4322679.0
4298842.5
4615743.0
4563153.5
4616900.0
4666578.0
4827383.0
4936755.5
4657473.5
4551546.5
4604490.0
4569445.0
4733682.5
4520599.0
4388398.5
4534387.0
4662651.0
4637240.5
4594486.5
4564969.5
4723805.0
4687222.5
4576860.0
4534984.0
4564794.5
4698392.5
4994456.0
4967632.0
4835980.0
4827272.5
4769818.0
4793764.0
4867364.0
4730660.0
4479537.5
4482920.0
4223737.5
4318915.0
4436149.5
4364864.0
4189614.5
4285860.0
4199930.0
4267368.0
4020571.5
4114036.25
4296522.0
4338680.5
4278323.0
4293276.5
4234772.0
4036931.75
3701246.0
3714842.75
3813502.75
3823234.75
3807230.5
3603971.5
3580690.5
3737606.0
3793918.75
3543970.0
3544772.0
3726499.5
3630568.5
3513788.5
3562919.75
3550821.0
3551600.75
3703848.25
3669738.25
3812273.5
3817532.25
3788061.5
3830783.25
3797046.0
3556736.0
3463408.25
3511630.75
3450573.5
3553432.75
3527718.0
3456649.25
3420983.25
3242895.75
3211969.75
3084876.25
3098125.5
3112181.75
3097138.5
3154570.0
3243415.0
3150603.0
3196112.0
3201873.75
3202534.5
3137342.5
3162067.25
3107925.5
3028362.0
2713170.0
2606967.0
2699641.25
2736064.25
2762910.25
2765090.25
2793149.75
2833883.5
2860422.5
2845582.5
2869150.25
2895895.25
2764916.5
2773377.75
3097888.75
3093431.75
3165757.5
3273052.0
3295456.0
3316948.25
3290850.0
3207868.0
3195502.75
3184215.75
3223218.5
3350889.75
3295420.5
3043476.5
2989689.5
2996499.0
2870256.25
2774695.25
2857152.25
2784375.5
2890606.5
2943239.0
2935838.5
2830794.5
3251804.75
3362145.75
3319986.75
3221541.0
2990614.0
3010709.0
2936117.0
2933861.75
2979467.0
3196376.75
3009494.0
2977871.0
2986241.0
2905152.25
3034124.0
3001291.75
3127944.25
3111562.0
3174658.0
3204239.25
3133751.75
3134553.5
3223596.25
3283530.75
3355263.5
3382861.25
3394418.5
3571408.75
3583337.75
3591587.0
3568669.75
3456816.0
3515257.5
3483957.75
3530240.75
3518457.25
3437242.75
3281350.5
3302527.5
3210373.75
3247912.75
3204303.0
2997283.75
3055683.0
3133692.0
3047441.5
3095510.75
3085665.5
3031660.75
3114242.0
3172704.5
3155890.75
3091907.5
3038692.0
3019340.75
3017970.0
3096191.5
2927203.75
3000809.75
3046247.5
2954609.0
2886123.25
2943784.25
2948474.25
2886684.5
3017147.5
2799536.25
2773460.75
2731985.5
2621124.25
2343955.75
2397189.5
2240213.5
2249575.25
2269045.25
2332441.75
2425725.25
2323509.75
2354129.0
2235024.75
2346976.5
2272360.75
2290374.5
2286243.25
