[2748343.5]
[2772599.2]
[2767628.]
[2736213.2]
[2688973.5]
[2628149.2]
[2560357.]
[2491547.8]
[2426415.5]
[2370462.5]
[2322680.]
[2283358.]
[2249719.]
[2218939.2]
[2187723.8]
[2155053.5]
[2117735.8]
[2073864.6]
[2021677.4]
[1960091.2]
[1889669.8]
[1810352.5]
[1722594.4]
[1628354.1]
[1528603.5]
[1425312.1]
[1320915.6]
[1217826.5]
[1119076.]
[1028198.56]
[947405.9]
[878301.7]
[820904.1]
[774712.]
[739020.3]
[712416.9]
[693304.5]
[681467.75]
[676328.6]
[677036.]
[682598.94]
[692270.6]
[704486.1]
[718099.25]
[732642.06]
[746946.7]
[760197.9]
[770561.]
[778250.5]
[782306.9]
[784273.4]
[783893.44]
[781465.75]
[777694.3]
[773200.2]
[769185.44]
[765700.06]
[762020.75]
[756772.4]
[749628.9]
[740869.44]
[731297.25]
[721246.94]
[712183.9]
[705028.1]
[700099.5]
[698189.8]
[699408.5]
[702801.44]
[705657.4]
[706392.9]
[704526.7]
[700333.25]
[687870.06]
[667296.2]
[639856.7]
[608519.6]
[575508.8]
[543582.9]
[515072.97]
[493633.34]
[480705.2]
[475986.94]
[477336.75]
[484265.3]
[496081.28]
[511156.16]
[527551.4]
[543076.3]
[555814.06]
[564267.9]
[569302.7]
[571712.75]
[572796.7]
[573641.56]
[574614.5]
[576080.]
[577799.6]
[580576.]
[584192.6]
[588682.9]
[593653.8]
[597698.75]
[600118.2]
[601023.5]
[600396.]
[598403.7]
[595047.7]
[591815.9]
[589374.2]
[588337.75]
[588671.06]
[589392.44]
[590030.3]
[590806.8]
[592429.56]
[595423.06]
[599765.8]
[605352.5]
[612007.44]
[619277.06]
[628736.2]
[640202.75]
[653493.1]
[668096.56]
[682803.]
[696624.7]
[709114.2]
[720595.94]
[732483.9]
[744662.1]
[756063.1]
[764003.25]
[767322.56]
[766394.5]
[763238.25]
[760336.]
[758073.94]
[756692.44]
[756885.3]
[758784.5]
[762181.75]
[766113.6]
[768943.6]
[770341.56]
[770447.06]
[768580.3]
[765056.44]
[760152.8]
[755306.75]
[752108.]
[750897.2]
[752182.7]
[755219.5]
[760942.5]
[767593.8]
[774368.]
[781062.]
[787117.6]
[792184.6]
[796337.94]
[799640.8]
[802252.75]
[804498.6]
[805326.75]
[804809.6]
[803200.9]
[800637.94]
[797560.2]
[794690.2]
[792273.94]
[790274.44]
[788338.1]
[786449.5]
[784593.3]
[783494.25]
[783321.94]
[783319.6]
[782933.56]
[781776.3]
[779563.]
[776620.1]
[773415.5]
[770193.7]
[767359.2]
[764732.]
[762130.06]
[759651.75]
[757270.3]
[755702.9]
[755025.44]
[755563.4]
[756978.56]
[758921.56]
[761008.8]
[763044.5]
[764824.5]
[766279.56]
[767205.6]
[767426.7]
[766930.6]
[765852.9]
[764442.4]
[762815.94]
[761521.6]
[761168.8]
[762102.1]
[764091.25]
[767118.3]
[771440.7]
[779365.8]
[791017.7]
[805874.6]
[822722.6]
[840681.]
[859648.2]
[877157.06]
[892296.56]
[904440.44]
[914573.06]
[923277.6]
[930411.9]
[936289.06]
[940887.1]
[944679.9]
[946707.2]
[947205.56]
[946997.44]
[946563.3]
[946406.9]
[946817.2]
[948621.06]
[951273.4]
[953924.4]
[956408.94]
[957936.1]
[958481.]
[958156.1]
[957169.]
[954849.6]
[951470.3]
[946892.5]
[941661.9]
[936228.25]
[931470.]
[927895.3]
[926194.1]
[925263.5]
[921914.25]
[915677.7]
[906234.6]
[894493.7]
[881862.8]
[869096.]
[857062.7]
[846763.06]
[838783.1]
[833374.5]
[830155.44]
[829489.44]
[831514.8]
[836203.25]
[842935.06]
[850890.8]
[859591.56]
[868052.3]
[874520.25]
[878443.1]
[879270.6]
[878421.7]
[876604.3]
[874483.06]
[872503.4]
[870762.6]
[869588.94]
[868861.44]
[868003.5]
[866683.7]
[864800.3]
[862709.]
[860888.25]
[859305.8]
[857998.94]
[857521.94]
[858239.75]
[860642.56]
[864823.3]
[870925.6]
[878256.1]
[886031.56]
[893759.3]
[900613.94]
[906235.3]
[910765.44]
[914878.9]
[919266.25]
[926235.94]
[936578.4]
[949769.]
[965120.56]
[981325.94]
[997323.44]
[1013468.]
[1028721.2]
[1042737.5]
[1055562.]
[1067598.6]
[1078752.5]
[1088317.4]
[1096970.9]
[1105189.5]
[1116396.5]
[1131326.4]
[1147658.8]
[1165201.9]
[1182896.1]
[1199885.]
[1216594.8]
[1234437.2]
[1253418.2]
[1272393.2]
[1290196.5]
[1307873.9]
[1327868.5]
[1350785.2]
[1376018.2]
[1404437.]
[1435494.6]
[1467406.4]
[1498774.4]
[1530230.4]
[1560663.4]
[1585790.]
[1604328.6]
[1618077.6]
[1629711.6]
[1644278.6]
[1661606.4]
[1682201.]
[1706483.5]
[1732207.]
[1759124.9]
[1787239.8]
[1815896.1]
[1842627.]
[1867144.8]
[1888993.2]
[1907902.6]
[1926022.2]
[1945207.2]
[1966354.2]
[1989960.8]
[2019966.5]
[2060123.5]
[2110790.8]
[2171421.2]
[2237966.]
[2305907.2]
[2374215.]
[2439780.8]
[2501864.8]
[2561563.]
[2622025.5]
[2683561.]
[2745936.8]
[2808133.]
[2870969.]
[2933382.2]
[2994245.2]
[3056467.2]
[3120312.2]
[3181589.5]
[3241961.2]
[3304889.]
[3372815.8]
[3445533.5]
[3517925.2]
[3582387.2]
[3631607.2]
[3662354.2]
[3682076.2]
[3697427.5]
[3707429.5]
[3712080.5]
[3712036.2]
[3710018.5]
[3706711.]
[3701968.5]
[3689444.5]
[3673081.]
[3654120.]
[3634746.8]
[3616707.]
[3601583.5]
[3586904.5]
[3577187.2]
[3574600.8]
[3578387.8]
[3585392.8]
[3594583.5]
[3607658.]
[3626869.]
[3650053.8]
[3676524.]
[3705853.8]
[3735478.8]
[3774333.]
[3821050.5]
[3868777.8]
[3917033.5]
[3961806.5]
[3999535.2]
[4030652.2]
[4053304.]
[4068810.8]
[4080739.8]
[4087577.5]
[4092953.2]
[4095292.]
[4093634.]
[4082254.8]
[4055288.2]
[4017420.8]
[3972189.5]
[3924675.]
[3879668.8]
[3839665.2]
[3812078.5]
[3796574.5]
[3794514.5]
[3802071.5]
[3817512.5]
[3839166.]
[3868160.5]
[3904197.2]
[3947472.8]
[3996617.2]
[4050519.8]
[4105942.8]
[4163908.2]
[4220311.]
[4270510.]
[4314963.]
[4355381.]
[4390740.5]
[4420506.]
[4443959.5]
[4459933.]
[4466260.5]
[4462942.]
[4448715.5]
[4422676.5]
[4386587.]
[4340940.]
[4286084.]
[4224191.5]
[4157427.5]
[4086722.8]
[4013215.8]
[3938910.]
[3864692.5]
[3793223.]
[3724876.2]
[3661881.2]
[3604009.5]
[3552506.5]
[3516386.5]
[3485528.2]
[3458233.8]
[3438977.2]
[3425981.5]
[3418098.8]
[3415432.5]
[3411930.2]
[3407812.8]
[3398605.]
[3382062.]
[3364446.]
[3341390.5]
[3312549.8]
[3277729.]
[3239456.]
[3201313.]
[3170765.]
[3150791.]
[3140243.2]
[3135552.2]
[3139786.5]
[3152165.5]
[3167802.]
[3185908.2]
[3198414.2]
[3210178.8]
[3218436.5]
[3224700.]
[3230338.8]
[3235416.]
[3236283.2]
[3235907.]
[3222474.8]
[3202727.]
[3180084.2]
[3150565.8]
[3116573.8]
[3079018.5]
[3038869.2]
[2990924.5]
[2943130.2]
[2894566.8]
[2846405.]
[2797491.5]
[2754945.5]
[2719566.2]
[2694039.]
[2676617.5]
[2660514.2]
[2642431.5]
[2624279.8]
[2609666.8]
[2598689.2]
[2593082.8]
[2594677.5]
[2598731.5]
[2600958.5]
[2600808.2]
[2593641.8]
[2580551.8]
[2569969.8]
[2563956.2]
[2564468.]
[2568021.8]
[2580184.8]
[2602251.5]
[2632335.5]
[2664064.]
[2693404.2]
[2715071.]
[2728056.5]
[2732446.5]
[2722915.5]
[2703030.5]
[2678676.2]
[2656215.]
[2639979.8]
[2629377.8]
[2619078.2]
[2613722.]
[2658621.]
[2791845.5]
[2989920.2]
[3200374.]
[3366151.2]
[3499635.2]
[3583539.8]
[3635212.]
[3665203.]
[3679746.5]
[3686275.5]
[3688636.5]
[3689441.5]
[3688788.5]
[3686265.2]
[3682301.]
[3676054.]
[3667508.8]
[3657717.]
[3647978.8]
[3637965.]
[3626116.8]
[3616420.5]
[3610250.8]
[3609694.2]
[3615319.8]
[3627503.5]
[3647434.5]
[3676315.5]
[3712050.8]
[3750742.2]
[3792231.]
[3832680.]
[3866772.5]
[3891610.]
[3905546.2]
[3912138.5]
[3914990.5]
[3918506.2]
[3925737.2]
[3935089.8]
[3948319.]
[3962417.]
[3974612.5]
[3981641.2]
[3986977.5]
[3989243.8]
[3987211.8]
[3978691.2]
[3961930.]
[3937773.8]
[3910373.]
[3884484.5]
[3860237.]
[3837856.5]
[3817341.5]
[3796436.2]
[3777385.5]
[3758965.5]
[3744373.]
[3734746.2]
[3730479.8]
[3729362.5]
[3731165.2]
[3738324.]
[3751636.2]
[3771294.5]
[3796127.5]
[3827028.8]
[3863780.2]
[3898233.8]
[3929026.5]
[3957261.5]
[3982560.8]
[4006355.5]
[4030508.]
[4054287.]
[4079739.]
[4107304.2]
[4135413.]
[4162320.]
[4187866.]
[4210108.5]
[4224791.]
[4230490.]
[4230927.5]
[4228081.]
[4220337.5]
[4207756.5]
[4191110.8]
[4169796.2]
[4143763.]
[4113587.]
[4081628.5]
[4052910.8]
[4027260.8]
[4007663.]
[3995192.8]
[3993463.5]
[4004826.5]
[4022203.8]
[4048981.2]
[4078026.8]
[4109524.]
[4143773.5]
[4184470.5]
[4223271.]
[4260386.5]
[4297314.5]
[4332694.]
[4366984.]
[4400386.5]
[4432118.]
[4459897.5]
[4482109.]
[4498322.]
[4509204.]
[4516295.]
[4519555.5]
[4518887.]
[4512353.]
[4501016.]
[4484720.]
[4463803.5]
[4438550.5]
[4407642.]
[4372200.]
[4331539.5]
[4286170.]
[4235481.5]
[4177570.8]
[4118070.2]
[4060030.8]
[4002401.8]
[3945000.]
[3887943.8]
[3829957.8]
[3773581.2]
[3718980.]
[3664571.2]
[3608414.]
[3552317.2]
[3494282.5]
[3437204.5]
[3386233.2]
[3343014.5]
[3304858.]
[3273305.5]
[3248249.5]
[3230923.2]
[3217123.]
[3208055.2]
[3206689.8]
[3212774.]
[3222969.5]
[3237195.8]
[3252587.5]
[3263976.2]
[3264168.2]
[3254073.8]
[3241658.8]
[3228339.2]
[3215305.2]
[3200065.2]
[3181129.]
[3165611.8]
[3153922.8]
[3142049.]
[3126834.2]
[3116126.2]
[3107500.8]
[3098377.]
[3089161.5]
[3081109.2]
[3077131.2]
[3078661.8]
[3083801.]
[3095296.]
[3111105.5]
[3130981.8]
[3153068.5]
[3173686.5]
[3187021.2]
[3191712.]
[3190049.2]
[3182675.8]
[3172767.8]
[3162791.]
[3152274.]
[3140284.2]
[3123035.]
[3100104.]
[3069873.]
[3037035.5]
[3004842.]
[2974154.2]
[2947933.]
[2928634.5]
[2914205.]
[2905651.8]
[2902232.2]
[2901448.5]
[2901748.2]
[2901262.2]
[2899121.]
[2895133.2]
[2883916.]
[2865676.8]
[2847611.2]
[2837607.]
[2836902.2]
[2854328.8]
[2897273.2]
[2962494.2]
[3041657.8]
[3131813.8]
[3221694.2]
[3299044.]
[3354357.5]
[3406037.8]
[3454735.5]
[3485754.5]
[3494524.]
[3483920.5]
[3462112.5]
[3431760.2]
[3397741.5]
[3366645.8]
[3336514.5]
[3307141.]
[3284393.]
[3271288.5]
[3266080.5]
[3263899.]
[3263275.]
[3265981.5]
[3269677.8]
[3273675.5]
[3278168.2]
[3281074.]
[3284951.]
[3289852.]
[3293774.2]
[3296463.8]
[3307538.]
[3328169.5]
[3356063.]
[3384186.]
[3404546.5]
[3416472.2]
[3418898.5]
[3414172.2]
[3405027.2]
[3398544.8]
[3392099.2]
[3384493.]
[3376216.]
[3365956.]
[3356281.5]
[3347813.2]
[3343121.8]
[3341790.8]
[3344149.5]
[3350032.]
[3356525.2]
[3362388.5]
[3368759.8]
[3377100.5]
[3388622.]
[3402770.8]
[3418420.8]
[3437877.5]
[3460268.2]
[3483960.8]
[3506846.5]
[3525570.8]
[3541205.]
[3553923.8]
[3565111.2]
[3575930.8]
[3586000.2]
[3591759.2]
[3594731.8]
[3594716.8]
[3593613.]
[3592047.5]
[3587060.]
[3580497.]
[3575175.2]
[3570296.]
[3566805.5]
[3564572.5]
[3562452.8]
[3561830.]
[3563518.8]
[3566624.2]
[3569239.8]
[3569619.2]
[3566912.8]
[3561558.2]
[3555109.5]
[3544874.2]
[3532402.2]
[3519492.2]
[3503371.5]
[3484022.2]
[3463422.]
[3442412.5]
[3420326.2]
[3399148.2]
[3375210.8]
[3347377.5]
[3315275.8]
[3277082.8]
[3229486.5]
[3173980.5]
[3109776.5]
[3039805.]
[2966800.2]
[2896188.2]
[2832728.2]
[2777634.5]
[2733321.5]
[2699800.]
[2681995.5]
[2681928.2]
[2703578.8]
