217.47454833984375
215.42385864257812
336.0346984863281
297.220703125
341.4851989746094
410.0478515625
451.6346435546875
415.22637939453125
450.46826171875
450.4089050292969
429.255859375
462.6596374511719
459.4972229003906
449.7326965332031
422.1889343261719
376.927734375
301.9437255859375
351.7556457519531
337.4565734863281
315.3897705078125
345.2949523925781
336.9047546386719
341.3399658203125
377.4515075683594
389.2873229980469
392.5933837890625
375.0967102050781
373.6637878417969
392.6645202636719
386.1414489746094
362.5602111816406
343.58880615234375
301.28070068359375
306.83660888671875
297.4454650878906
323.94830322265625
325.8221435546875
320.4205017089844
317.665771484375
324.4084167480469
331.8025817871094
319.86175537109375
318.2045593261719
302.3222351074219
298.4263916015625
306.042236328125
305.0913391113281
276.5226135253906
282.998046875
300.64984130859375
310.9947509765625
310.30072021484375
311.2019958496094
316.8727111816406
311.98480224609375
307.7763671875
300.58917236328125
287.13348388671875
291.3728942871094
301.46221923828125
292.8987121582031
287.3361511230469
305.307373046875
314.7377014160156
315.0392150878906
321.5731201171875
320.0965576171875
349.5570068359375
345.7001953125
323.8530578613281
301.09259033203125
305.0298767089844
312.0177917480469
315.3808898925781
300.0922546386719
300.5489196777344
304.0398864746094
313.9867248535156
338.80792236328125
313.8250427246094
323.4386901855469
321.4756164550781
327.9708251953125
332.2565612792969
329.4480895996094
338.4110107421875
332.85809326171875
326.4751281738281
333.8034973144531
361.1943359375
347.4193420410156
352.4911193847656
388.1254577636719
426.5777282714844
406.4858703613281
438.5557556152344
423.7572937011719
391.81695556640625
354.7389831542969
353.6225280761719
362.451171875
383.8233337402344
397.8587646484375
375.24310302734375
402.50537109375
400.03863525390625
371.4069519042969
382.9335021972656
379.0423278808594
373.5029602050781
348.97003173828125
358.893310546875
354.0268249511719
340.7485046386719
349.55303955078125
360.68035888671875
360.7543029785156
385.9813232421875
394.47686767578125
392.942138671875
395.0964660644531
392.9842529296875
381.8534851074219
361.5846252441406
382.083740234375
347.831787109375
377.2665710449219
383.5523681640625
381.1963195800781
378.66680908203125
484.57586669921875
552.1995849609375
530.939697265625
678.886474609375
607.1640625
673.0946044921875
733.3026733398438
692.1314697265625
709.8531494140625
738.451171875
708.351318359375
682.9519653320312
717.476806640625
682.5843505859375
608.4734497070312
604.491455078125
801.7761840820312
1062.6666259765625
966.6376342773438
1329.5435791015625
1242.3336181640625
1208.5721435546875
1205.3671875
1308.6412353515625
1163.258056640625
1252.77490234375
1357.6573486328125
1313.9000244140625
1258.775146484375
1248.229736328125
1132.4649658203125
1235.947265625
1227.8756103515625
1203.466552734375
1175.4132080078125
1197.3975830078125
1258.8048095703125
1510.61767578125
1437.990234375
1521.47021484375
1484.55224609375
1440.8770751953125
1679.7198486328125
1685.1531982421875
1717.1697998046875
1834.4884033203125
2082.7255859375
2033.763427734375
1967.01611328125
2017.9749755859375
2199.720703125
2328.431884765625
2263.890380859375
2524.222412109375
2847.824462890625
2880.4521484375
2730.909912109375
2482.770751953125
2434.92919921875
2273.59375
2306.95947265625
2461.7529296875
2476.646240234375
2608.77734375
2649.218994140625
2704.164306640625
2583.829345703125
2467.9873046875
2446.707763671875
2575.220458984375
2560.247802734375
2779.622314453125
2731.347900390625
2679.116943359375
2615.86474609375
2700.973388671875
2658.958740234375
2491.4541015625
2569.293212890625
2622.780517578125
2581.04541015625
2772.552001953125
2705.745361328125
2664.3173828125
2572.234130859375
2502.2587890625
2211.080810546875
2177.099365234375
2405.281494140625
2366.207763671875
2339.89990234375
2500.40966796875
2502.059326171875
2710.515869140625
2760.95263671875
3020.4765625
3055.825439453125
3276.412109375
3356.009521484375
3191.296630859375
2945.860107421875
3083.614013671875
3052.656494140625
3110.709716796875
3095.559814453125
3036.95849609375
3228.89892578125
3199.186767578125
3251.846435546875
3097.212646484375
3171.220947265625
2784.75341796875
2607.0185546875
2674.263427734375
2554.897216796875
2477.16552734375
2412.8544921875
2166.180908203125
2228.268798828125
2499.322021484375
2587.996826171875
2524.19873046875
2665.4580078125
2707.498779296875
2736.323486328125
2715.919677734375
2750.8369140625
2571.462158203125
2988.4794921875
3057.5048828125
2926.478759765625
2919.576904296875
2954.55029296875
2685.82958984375
2835.39111328125
2507.495849609375
2940.138916015625
3513.435302734375
3190.4716796875
3124.001220703125
2836.29150390625
2972.331787109375
1847.2159423828125
2128.63720703125
1783.8001708984375
1605.1978759765625
1314.527587890625
1689.74853515625
1611.1876220703125
1784.0933837890625
1733.7265625
1549.955810546875
1437.9832763671875
1482.1888427734375
1698.4483642578125
1661.8900146484375
1893.9136962890625
1973.1778564453125
1823.351318359375
1736.4771728515625
1764.537353515625
1574.651123046875
1586.873046875
1692.165283203125
1656.2763671875
1536.8321533203125
1521.539794921875
1616.6907958984375
1625.01123046875
1816.1246337890625
1695.906005859375
1671.568603515625
1586.6019287109375
1509.27294921875
1532.734619140625
1169.10888671875
1089.149658203125
1198.53369140625
1205.8677978515625
1073.2694091796875
1075.6370849609375
1114.4647216796875
1169.2841796875
1207.427734375
1219.85498046875
1139.161376953125
1142.6123046875
1158.4866943359375
1192.7574462890625
1132.278564453125
1206.880615234375
1261.336181640625
1146.0618896484375
1167.2139892578125
1139.0245361328125
1153.392578125
1108.67236328125
1059.3902587890625
1027.6448974609375
975.3388061523438
899.6011352539062
917.37744140625
946.0428466796875
856.8201293945312
818.3993530273438
916.0552368164062
979.9182739257812
997.4659423828125
1027.7178955078125
1020.8914794921875
1036.46923828125
1071.05419921875
1081.5474853515625
1131.377685546875
1178.0582275390625
1253.083251953125
1369.61865234375
1339.263671875
1286.644775390625
1421.7088623046875
1417.189208984375
1514.5882568359375
1555.978759765625
1465.70751953125
1535.5706787109375
1533.97265625
1585.9290771484375
1541.2593994140625
1685.7760009765625
1696.6768798828125
1719.906982421875
1819.1309814453125
1750.0728759765625
1778.62939453125
1976.0023193359375
2091.366455078125
2071.064208984375
2060.898193359375
2066.917724609375
1859.665283203125
1921.8770751953125
1778.3798828125
1952.7918701171875
1908.472412109375
1891.288330078125
1911.98046875
2297.21533203125
2418.696533203125
2324.20947265625
2458.0419921875
2366.30517578125
2511.660888671875
2508.50048828125
2042.1494140625
2045.2484130859375
2193.865966796875
2148.09130859375
2323.02783203125
2630.2919921875
2556.90576171875
2752.499755859375
2679.335693359375
2615.06103515625
2433.634765625
2572.0029296875
2491.034912109375
2066.277099609375
1942.0352783203125
2335.32421875
2476.94873046875
2276.569091796875
2202.81787109375
2127.93408203125
2050.291015625
1953.010009765625
2027.09228515625
2122.243896484375
2370.556640625
2381.926513671875
2380.680419921875
2314.905517578125
2343.33984375
2414.21875
2542.3271484375
2513.178955078125
2729.331787109375
2595.52978515625
2577.619140625
2654.005126953125
3134.02783203125
3056.439453125
3234.118408203125
3129.243408203125
3155.80517578125
3098.484130859375
3108.78125
3317.609375
3207.779541015625
3258.435302734375
3303.725341796875
3178.66845703125
3343.519775390625
3361.319580078125
3032.317626953125
3131.1513671875
3302.372802734375
3203.033203125
3202.565673828125
3740.179931640625
3857.509521484375
3978.1220703125
4013.021728515625
3850.12548828125
3858.62353515625
3878.63818359375
3943.45166015625
3766.556640625
3487.46826171875
3541.311767578125
3411.112060546875
3504.37744140625
3449.90771484375
3326.214599609375
3045.316162109375
3171.511962890625
2896.27197265625
3066.1416015625
3125.546142578125
3121.875
2936.107177734375
3036.781494140625
2937.945068359375
2865.239501953125
2580.765380859375
2640.8671875
2684.188232421875
2789.248779296875
2848.978759765625
2758.66259765625
2681.16796875
2533.674072265625
2209.34423828125
2130.244384765625
2129.775390625
2303.277587890625
2251.744140625
2037.5421142578125
2005.009521484375
2103.033203125
2242.271484375
1969.3148193359375
1990.04150390625
2068.822998046875
1983.6427001953125
1875.684814453125
1938.6103515625
1884.7237548828125
1822.053955078125
1906.8641357421875
2053.854248046875
2185.2998046875
2113.7109375
2166.1611328125
2362.339111328125
2317.549072265625
2085.744384765625
1994.343017578125
2051.9658203125
1991.044677734375
2129.935546875
2215.28515625
2239.9267578125
2144.952880859375
1994.470458984375
1991.4991455078125
1850.220458984375
1783.8060302734375
1828.7225341796875
1761.069091796875
1885.5389404296875
2016.1610107421875
1910.6263427734375
2055.08203125
2056.859619140625
2054.988525390625
1910.4014892578125
1878.1038818359375
1796.47998046875
1711.0579833984375
1462.0860595703125
1356.6741943359375
1401.19677734375
1346.35400390625
1371.8585205078125
1356.34228515625
1363.9110107421875
1375.4969482421875
1403.297119140625
1363.7841796875
1447.9193115234375
1466.07861328125
1406.4317626953125
1404.2457275390625
1524.6265869140625
1594.9677734375
1634.9132080078125
1669.70166015625
1620.0850830078125
1640.595703125
1558.744140625
1434.3779296875
1423.5078125
1421.0198974609375
1416.4383544921875
1514.3529052734375
1484.3123779296875
1359.640380859375
1332.79541015625
1336.2725830078125
1264.458984375
1211.810302734375
1236.1339111328125
1195.1944580078125
1219.4254150390625
1294.7286376953125
1353.2027587890625
1311.6925048828125
1425.9805908203125
1431.16943359375
1405.3797607421875
1367.4332275390625
1280.4554443359375
1322.91357421875
1297.5491943359375
1266.556884765625
1303.9857177734375
1360.2822265625
1295.685791015625
1361.2801513671875
1393.4805908203125
1323.8656005859375
1353.5694580078125
1360.235595703125
1448.5216064453125
1424.7913818359375
1442.3707275390625
1470.2896728515625
1416.047607421875
1434.2174072265625
1541.23583984375
1607.889404296875
1621.53564453125
1567.3192138671875
1593.2841796875
1712.294921875
1670.50439453125
1701.460693359375
1703.730712890625
1617.0618896484375
1672.2694091796875
1719.95654296875
1763.711669921875
1709.9061279296875
1644.054443359375
1506.727783203125
1550.637939453125
1472.8665771484375
1502.22412109375
1464.0931396484375
1303.5806884765625
1354.393798828125
1385.3052978515625
1368.281982421875
1400.755126953125
1422.063720703125
1357.2130126953125
1385.981201171875
1444.5789794921875
1456.0242919921875
1387.4432373046875
1399.2191162109375
1432.3880615234375
1388.47900390625
1386.6849365234375
1278.6712646484375
1296.0325927734375
1301.7501220703125
1236.854248046875
1111.1353759765625
1177.0615234375
1146.2320556640625
1126.140380859375
1239.2288818359375
1116.0616455078125
1101.4375
1060.079345703125
1020.0036010742188
833.0031127929688
877.6888427734375
693.3759155273438
677.2723999023438
813.089111328125
879.5245361328125
913.9982299804688
826.65869140625
853.748046875
739.8139038085938
777.4346313476562
753.653564453125
777.6028442382812
780.677490234375
