1344.0524
1324.2119
1289.5015
1244.2328
1192.321
1137.3074
1084.9014
1039.0443
1000.3679
970.80695
950.2286
937.36426
931.18866
930.72906
934.339
941.1652
948.30975
953.44293
956.33984
956.66406
955.4019
953.5062
951.37897
949.8008
949.8875
952.0494
956.8577
963.7542
971.8955
980.9172
990.7249
1000.4581
1008.917
1014.91064
1017.91394
1018.38855
1017.3323
1015.4117
1012.95844
1010.72345
1008.79193
1007.54144
1007.1135
1006.8143
1006.44183
1005.66394
1004.6122
1003.139
1001.16876
998.2788
995.34906
993.22894
992.019
991.7139
992.17017
993.3923
994.8569
996.4367
997.5232
998.0907
998.37305
997.5791
996.4579
995.6111
995.2433
995.638
996.9511
999.039
1002.2739
1006.71924
1011.5716
1015.77704
1019.01605
1021.30615
1022.85864
1023.49445
1023.2293
1022.24646
1021.1547
1020.682
1020.5852
1020.95746
1021.6519
1022.727
1024.2775
1026.1481
1028.3954
1030.819
1033.142
1035.3839
1038.1119
1041.1906
1044.5679
1048.8938
1055.2454
1063.2675
1073.1775
1084.2799
1095.1509
1104.1008
1110.4081
1114.2002
1116.3003
1117.6598
1118.2749
1118.8485
1119.6699
1120.1445
1120.2268
1119.9185
1119.135
1117.333
1114.6179
1111.1147
1106.7451
1101.8323
1096.9464
1092.4341
1089.0381
1087.2416
1087.0382
1088.2175
1090.4277
1093.0897
1095.3265
1097.1908
1097.9866
1098.149
1098.1875
1098.2523
1098.346
1100.8727
1108.2482
1120.3519
1139.6029
1164.218
1193.634
1227.7971
1264.4641
1301.9569
1339.2971
1374.7596
1406.5328
1434.5552
1458.0278
1475.0734
1485.3563
1494.0687
1509.8129
1533.0029
1570.7985
1621.3892
1680.1295
1742.3485
1806.5582
1866.8453
1922.227
1974.284
2022.0297
2063.3733
2097.3174
2121.049
2136.9739
2146.6785
2150.9272
2150.1284
2145.6367
2140.0237
2140.658
2147.6487
2161.8523
2181.0527
2201.9539
2228.1208
2259.4597
2295.1135
2335.9539
2386.465
2444.1914
2503.8035
2562.5903
2622.5144
2685.5654
2748.5457
2815.1145
2891.9714
2977.8994
3064.626
3140.3416
3199.716
3238.056
3257.6545
3265.7402
3266.5994
3266.5413
3268.0215
3272.963
3277.6362
3277.3179
3270.5723
3260.9265
3249.0159
3240.8965
3235.9539
3231.4248
3224.001
3214.9236
3203.6504
3185.937
3162.1064
3136.7883
3107.7847
3080.6514
3054.2349
3027.3071
2994.8755
2956.335
2905.0508
2840.1575
2770.0864
2697.7527
2623.049
2553.7415
2489.0007
2432.8672
2385.0784
2350.067
2326.2725
2319.087
2318.0317
2318.559
2308.5527
2289.831
2271.3987
2248.7622
2223.932
2199.6167
2184.3591
2168.2532
2151.876
2135.726
2124.738
2110.0977
2084.4866
2060.8806
2040.6306
2016.2805
1984.5801
1942.0034
1897.5483
1856.073
1824.4047
1802.5621
1788.5475
1783.1873
1783.2001
1786.423
1789.366
1788.2032
1791.3224
1801.0781
1811.5695
1823.7405
1834.0365
1837.4966
1837.2863
1830.3896
1824.5277
1829.4572
1840.2365
1852.6077
1859.0521
1863.7354
1846.6115
1816.6614
1773.3035
1719.2218
1653.5724
1589.251
1529.6105
1477.7637
1433.327
1392.6764
1352.3048
1312.7509
1277.76
1246.847
1223.5382
1208.8173
1198.3816
1188.2236
1177.223
1161.9342
1142.2036
1121.7328
1101.1188
1078.4592
1056.2104
1036.2904
1021.63403
1015.2266
1018.9557
1023.007
1027.4954
1035.2216
1042.0485
1040.302
1027.5178
1001.3657
976.6434
962.6695
954.58777
948.4464
956.82794
976.7844
1007.73566
1044.2107
1086.5884
1124.8657
1182.5464
1240.4722
1292.638
1345.2451
1396.4175
1438.4913
1480.6223
1513.1628
1549.5494
1587.3188
1611.4729
1626.5205
1629.9789
1627.9005
1612.8833
1597.3373
1576.1644
1554.2103
1534.2325
1523.0793
1518.2738
1521.1548
1529.3258
1541.6171
1557.8447
1579.0767
1606.5283
1639.1837
1680.5385
1727.6742
1775.5557
1825.2526
1876.2126
1928.1105
1982.0079
2034.6619
2084.8213
2131.1978
2174.7217
2214.4001
2252.7021
2290.9785
2328.2302
2366.5798
2403.6736
2438.733
2476.0066
2517.4226
2562.503
2609.1628
2654.767
2691.8057
2720.0623
2736.395
2745.667
2749.2087
2747.931
2743.204
2745.9604
2761.383
2786.2769
2820.204
2858.11
2899.8162
2942.4788
2972.1892
2985.7756
2988.077
2980.9348
2971.241
2969.4985
2975.4385
2992.249
3016.2402
3042.1453
3061.5676
3075.831
3083.4626
3073.6042
3043.0461
3004.9194
2968.162
2930.9626
2891.7922
2848.7305
2800.5442
2745.7068
2687.7917
2631.916
2585.1423
2548.7273
2523.3704
2503.5845
2488.7048
2478.106
2472.0168
2470.7107
2476.805
2486.1953
2494.0325
2503.979
2524.7659
2553.8013
2593.6125
2633.4468
2671.9
2709.191
2741.4873
2768.93
2788.6597
2801.5415
2800.8167
2792.7917
2773.6277
2756.6648
2726.2756
2687.0762
2646.451
2619.8606
2595.057
2573.2993
2565.0996
2559.4395
2562.2864
2560.4507
2536.3638
2509.0671
2484.8052
2454.4146
2421.5322
2391.8787
2354.7905
2321.0613
2285.215
2247.7158
2204.5442
2165.167
2123.6304
2081.1216
2044.2134
2017.339
1993.8298
1972.4031
1952.7415
1933.8853
1912.0796
1889.3708
1868.3179
1851.1727
1839.0483
1829.3062
1820.1792
1809.2179
1792.2781
1769.831
1744.2043
1720.0634
1698.0287
1675.1501
1651.4856
1629.334
1611.2919
1593.0372
1574.554
1557.4734
1540.5704
1522.2152
1503.688
1484.369
1463.9242
1443.998
1427.4711
1416.7747
1409.2246
1404.6099
1406.0002
1410.3099
1411.538
1407.7528
1399.9669
1386.2876
1371.6537
1358.8497
1349.5292
1342.8961
1336.0206
1330.3666
1326.1989
1323.605
1323.1299
1329.7078
1344.5095
1378.0281
1423.6384
1478.7576
1533.1683
1601.9434
1659.7351
1723.4753
1782.9366
1831.4221
1855.6378
1865.197
1856.1221
1832.8837
1794.5923
1755.7118
1718.3289
1686.0647
1659.4316
1634.9303
1615.5853
1601.2926
1587.4194
1577.9761
1576.6198
1588.2152
1608.6515
1634.6458
1666.6
1704.7645
1745.5076
1776.298
1800.7552
1819.89
1831.8676
1840.4147
1849.6565
1855.2507
1856.2056
1855.4281
1852.8901
1847.3804
1837.2178
1824.8734
1813.8607
1803.9366
1796.0332
1792.0349
1795.9958
1806.5264
1823.9646
1844.7449
1864.1501
1880.5156
1892.806
1901.706
1907.2535
1912.406
1917.3889
1922.8129
1931.3605
1941.3079
1950.856
1961.669
1974.673
1989.5189
2005.2253
2022.59
2039.4438
2055.2097
2071.3296
2090.5618
2113.83
2138.258
2163.2078
2190.3706
2218.5583
2247.3027
2275.7854
2300.5796
2322.496
2342.4377
2361.4878
2378.8047
2392.775
2399.1602
2398.5237
2390.2397
2375.9084
2356.8367
2330.1697
2297.8098
2263.1504
2227.9373
2194.3977
2164.6934
2137.338
2112.3972
2091.858
2076.3682
2063.5654
2052.7578
2044.5804
2037.4628
2031.0974
2022.7948
2012.27
1999.6643
1985.0013
1965.0576
1941.505
1915.2748
1887.0042
1861.3969
1836.8748
1812.9448
1789.1664
1764.8369
1735.0005
1701.1661
1660.3114
1612.1509
1562.6909
1516.9496
1479.0226
1447.4209
1422.5016
1401.2521
1382.6309
1366.4185
1353.5774
