53901.99609375
53384.20703125
56612.50390625
71296.9453125
76030.3671875
80485.5234375
88291.1484375
90020.5390625
89830.8515625
94003.3984375
92593.8125
80146.1171875
76323.328125
82736.2578125
89057.3515625
85733.1796875
90209.21875
89982.421875
92019.6015625
100807.375
100780.4296875
81824.375
90264.6484375
89861.578125
101581.734375
96643.2734375
98956.8828125
91531.9765625
97190.71875
100795.9375
100328.2421875
95876.3046875
100104.3046875
110485.1328125
121010.96875
116395.8984375
125097.671875
122127.6171875
117507.7890625
127381.03125
128811.6875
126994.0859375
129699.5
133823.78125
131688.140625
131040.1640625
129282.1484375
129902.6015625
134556.390625
140669.75
142212.59375
139301.546875
140451.78125
129119.9140625
113655.0625
117757.328125
107949.796875
106422.8671875
107448.765625
104354.015625
114710.75
109375.015625
115037.359375
112765.5859375
112206.4453125
121095.4765625
126105.9921875
134541.78125
135949.21875
130810.4453125
132653.4375
128812.796875
139903.9375
134808.953125
129926.28125
131033.8984375
132327.8125
129560.5234375
131672.421875
131310.96875
129489.265625
122420.0234375
121890.8984375
115754.8828125
115843.890625
123366.46875
124355.5625
122534.421875
132367.78125
135582.953125
140431.28125
144909.765625
157261.640625
148837.828125
153585.515625
154465.4375
155660.703125
146651.40625
155692.171875
154848.078125
159618.3125
161241.15625
160432.796875
172856.96875
182697.046875
188247.640625
181334.203125
174821.0625
166808.65625
162200.875
175813.140625
178373.609375
180485.90625
176957.6875
165582.875
173399.59375
189617.65625
198583.84375
204089.15625
204301.265625
205482.1875
218277.40625
218732.765625
253343.34375
240050.015625
259976.625
256982.734375
255397.515625
286048.46875
287947.1875
290494.59375
305879.90625
278948.3125
272860.375
298909.65625
266598.3125
262889.40625
240501.125
247179.265625
180179.171875
203315.140625
177229.734375
167392.296875
153809.578125
192550.828125
197056.546875
209929.6875
198898.515625
175185.96875
165022.46875
173043.171875
196799.46875
191865.65625
197442.828125
208550.59375
195995.890625
191794.953125
197957.265625
188596.15625
183711.46875
190365.78125
180451.890625
172370.71875
173741.3125
183694.171875
185725.53125
191503.484375
174791.21875
176130.96875
165469.84375
161522.859375
166554.765625
140000.890625
139369.625
147732.21875
147524.671875
134511.4375
135700.0
146874.53125
154488.703125
160518.8125
169161.40625
157585.140625
160139.40625
165807.5625
172926.765625
163394.34375
173791.265625
173225.40625
158411.859375
159908.5
157279.8125
159398.265625
151821.15625
144845.4375
148516.546875
142458.1875
140336.75
141711.21875
141401.4375
136285.53125
133218.234375
148208.78125
150783.3125
158187.609375
162973.109375
163145.921875
165916.265625
171231.734375
170840.578125
176791.40625
183490.875
188641.53125
190548.875
194018.34375
185710.765625
202139.40625
209428.296875
214629.453125
234300.296875
224497.90625
235899.015625
233854.140625
234471.984375
226005.03125
246564.59375
242351.40625
245695.828125
234029.078125
224198.234375
224302.25
236887.078125
244224.875
239706.75
240894.84375
245977.390625
235221.953125
238974.40625
229908.796875
240378.6875
238453.25
237174.546875
236705.96875
250652.0
279886.25
276949.0625
287643.78125
283790.6875
288485.0
287204.78125
251465.296875
258144.703125
252018.828125
236129.5
240450.796875
250728.609375
241622.9375
252537.421875
265651.5
262722.84375
250468.0625
252935.453125
245368.140625
217957.265625
204002.15625
227377.9375
233004.375
216395.59375
215945.0625
226035.421875
216614.421875
208199.078125
212052.90625
222888.625
245259.765625
251501.765625
253479.375
252063.515625
262352.90625
267710.25
268489.375
268372.4375
268648.9375
257987.453125
267329.84375
263633.90625
271570.625
283933.09375
289459.09375
287042.125
288556.5
282040.78125
291290.46875
310899.15625
303533.96875
297739.21875
312872.625
306568.03125
316721.84375
309375.125
294918.4375
320680.90625
330790.5625
324114.71875
321295.4375
323612.5
342541.96875
342939.90625
337932.34375
332839.5625
335461.3125
342810.84375
355703.53125
351223.5
344955.25
351576.09375
346987.21875
345868.875
343963.03125
339218.4375
313945.71875
318396.09375
296752.125
319410.8125
327705.71875
317327.65625
304304.125
323157.96875
316408.84375
318498.5625
302531.8125
307485.53125
322300.65625
333628.03125
347597.8125
344107.53125
338262.65625
317896.625
309906.25
315909.9375
328612.0
325393.8125
334654.53125
311454.53125
296234.875
309264.53125
313099.8125
286947.125
284831.1875
306248.0
301812.40625
295044.65625
301229.34375
298208.40625
298023.9375
304280.0
300508.15625
308378.875
304066.0625
307468.65625
306656.1875
302737.5
284074.34375
270581.65625
276434.84375
274415.25
280902.9375
285342.96875
279860.09375
282790.625
264259.75
254392.671875
237034.5625
229533.046875
234481.53125
228323.59375
239022.953125
248870.46875
240283.875
245457.296875
246979.671875
248909.25
238531.8125
236099.375
230488.6875
223411.609375
190362.421875
178994.65625
188652.125
182160.21875
183620.921875
185181.375
182232.828125
191035.84375
194785.375
195381.0
200427.484375
208698.921875
200737.96875
199984.109375
222713.875
225032.5
228216.75
234612.28125
233245.28125
242341.0625
232468.859375
221436.375
220678.359375
217585.5625
222022.265625
239043.609375
234464.953125
216333.3125
208050.390625
206405.359375
196321.21875
192623.125
196961.671875
193383.296875
195916.484375
207493.328125
208793.359375
196813.171875
219772.203125
225318.671875
222983.53125
215099.484375
199984.21875
203627.21875
195260.078125
192530.8125
198189.875
207832.5
199021.59375
196470.015625
197636.078125
193341.6875
198163.25
199900.25
210743.984375
213877.875
223688.953125
223758.390625
217319.796875
221136.9375
226261.65625
232033.46875
237218.953125
236972.6875
239754.3125
251077.4375
253698.171875
257418.03125
256689.890625
249107.703125
262005.90625
261668.109375
267717.875
265736.28125
257422.96875
240875.25
245449.046875
242334.28125
247636.515625
243837.0625
226078.6875
230763.015625
237374.453125
230446.4375
232118.03125
233751.046875
228491.421875
233235.609375
237295.4375
234759.53125
227920.421875
226702.296875
224662.0
223483.078125
230302.71875
215661.296875
220919.484375
224938.09375
215463.359375
208927.0
216389.390625
218664.625
212845.59375
223494.296875
210430.390625
207387.046875
202855.53125
193738.046875
173720.09375
181086.84375
160419.859375
151922.109375
156090.21875
159333.46875
166263.40625
157379.90625
161740.5
149155.0625
156262.296875
152626.84375
153595.25
