[55.494274]
[52.287853]
[45.254456]
[35.51871]
[24.573828]
[13.814559]
[4.351848]
[-3.0448236]
[-7.993494]
[-10.483088]
[-10.805516]
[-9.457184]
[-7.032109]
[-4.1093054]
[-1.1850283]
[1.4117732]
[3.4852788]
[4.9471045]
[5.826982]
[6.2037535]
[6.16508]
[5.8306847]
[5.327851]
[4.755116]
[4.1713433]
[3.6306205]
[3.1546714]
[2.7630367]
[2.4819484]
[2.3410654]
[2.3356805]
[2.4513662]
[2.6360009]
[2.8542526]
[3.069777]
[3.2612057]
[3.4064987]
[3.5164187]
[3.6013455]
[3.6671817]
[3.716885]
[3.7626054]
[3.7978647]
[3.8357193]
[3.9109592]
[4.030197]
[4.194415]
[4.345102]
[4.439851]
[4.447751]
[4.387437]
[4.2550263]
[4.07371]
[3.875665]
[3.6875787]
[3.5487933]
[3.4610555]
[3.4021251]
[3.3152099]
[3.1841738]
[3.013788]
[2.8178077]
[2.6085775]
[2.4255917]
[2.2963097]
[2.2323353]
[2.2445967]
[2.3268607]
[2.4431152]
[2.5279658]
[2.5419304]
[2.4798014]
[2.3465674]
[2.0670822]
[1.6724097]
[1.2062621]
[0.73377067]
[0.29335195]
[-0.07504118]
[-0.3447009]
[-0.47472498]
[-0.4696266]
[-0.35702857]
[-0.19064829]
[0.00137114]
[0.19887878]
[0.37807345]
[0.52837574]
[0.63487875]
[0.69638103]
[0.7093795]
[0.6905526]
[0.65880007]
[0.63162553]
[0.6231531]
[0.63869953]
[0.6757906]
[0.7226534]
[0.79139215]
[0.87649786]
[0.9759037]
[1.0798308]
[1.1585453]
[1.198747]
[1.2025303]
[1.1735986]
[1.1195219]
[1.0454389]
[0.97849166]
[0.9339944]
[0.92960846]
[0.96165645]
[1.0085151]
[1.0586736]
[1.1143698]
[1.1984798]
[1.3225769]
[1.4816687]
[1.6806923]
[1.9087958]
[2.1465428]
[2.3959813]
[2.619256]
[2.8145158]
[2.9749117]
[3.080218]
[3.1300082]
[3.1310296]
[3.0989249]
[3.0548775]
[3.0194266]
[2.998127]
[2.9648461]
[2.9141867]
[2.8622801]
[2.827456]
[2.8137443]
[2.8184056]
[2.8393955]
[2.8742995]
[2.9357066]
[3.0369008]
[3.173772]
[3.3008225]
[3.4157064]
[3.511634]
[3.5668185]
[3.5838466]
[3.5652406]
[3.5329683]
[3.561674]
[3.6744497]
[3.9383059]
[4.326144]
[4.822514]
[5.3523917]
[5.891538]
[6.4236374]
[6.892157]
[7.2603917]
[7.5142007]
[7.652675]
[7.6702805]
[7.586862]
[7.382947]
[7.107669]
[6.808485]
[6.511801]
[6.2542167]
[6.0657773]
[5.9854603]
[6.007507]
[6.090223]
[6.1963253]
[6.2939935]
[6.3968096]
[6.5018954]
[6.6014166]
[6.680889]
[6.7267327]
[6.7181683]
[6.6738043]
[6.6342697]
[6.61575]
[6.704386]
[6.901548]
[7.1867485]
[7.539035]
[7.9054427]
[8.28271]
[8.730684]
[9.321644]
[9.995195]
[10.627606]
[11.177257]
[11.621439]
[11.929164]
[12.146653]
[12.288215]
[12.336204]
[12.269509]
[12.101788]
[11.874788]
[11.5918]
[11.308792]
[11.073826]
[10.913683]
[10.820814]
[10.923226]
[11.270408]
[11.758409]
[12.34726]
[12.910596]
[13.368211]
[13.671348]
[13.844243]
[13.850503]
[13.7321205]
[13.574979]
[13.428826]
[13.330056]
[13.2591095]
[13.245873]
[13.290069]
[13.366357]
[13.407446]
[13.3881855]
[13.336871]
[13.259173]
[13.167237]
[13.076505]
[13.013022]
[12.962718]
[12.870556]
[12.7522335]
[12.563721]
[12.318165]
[12.023809]
[11.721419]
[11.37781]
[11.016118]
[10.613013]
[10.197827]
[9.856276]
[9.639394]
[9.595378]
[9.72976]
[9.94355]
[10.041312]
[9.986752]
[9.7219095]
[9.296586]
[8.793782]
[8.283021]
[7.8357167]
[7.5216985]
[7.362696]
[7.350182]
[7.434929]
[7.581955]
[7.737752]
[7.856347]
[7.9351907]
[7.959149]
[7.9345584]
[7.86097]
[7.6945796]
[7.447714]
[7.1255383]
[6.8004947]
[6.612226]
[6.6034575]
[6.7939186]
[7.1398497]
[7.57363]
[8.020812]
[8.398164]
[8.630315]
[8.701871]
[8.653048]
[8.535248]
[8.365537]
[8.172449]
[7.9967675]
[7.8958783]
[7.9063663]
[8.032135]
[8.269984]
[8.576901]
[8.891339]
[9.162809]
[9.346837]
[9.443495]
[9.473996]
[9.46753]
[9.406437]
[9.31991]
[9.25882]
[9.230177]
[9.230775]
[9.241478]
[9.230479]
[9.184456]
[9.085942]
[8.920346]
[8.692914]
[8.428869]
[8.194961]
[7.9900775]
[7.8275423]
[7.723003]
[7.688719]
[7.795219]
[7.9959006]
[8.2716675]
[8.577014]
[8.875026]
[9.138295]
[9.341367]
[9.4823065]
[9.550976]
[9.528686]
[9.445618]
[9.36909]
[9.309682]
[9.265078]
[9.311566]
[9.5598]
[10.08524]
[10.896953]
[11.975118]
[13.122526]
[14.058346]
[14.660875]
[15.063659]
[15.361671]
[15.631477]
[15.791287]
[15.825814]
[15.787794]
[15.611723]
[15.373485]
[15.128164]
[14.884292]
[14.571578]
[14.233722]
[13.876642]
[13.510064]
[13.193413]
[13.024615]
[13.05632]
[13.247478]
[13.62286]
[14.112368]
[14.645112]
[15.150191]
[15.556558]
[15.774803]
[15.814832]
[15.585588]
[15.210855]
[14.828397]
[14.52481]
[14.318691]
[14.34721]
[14.723569]
[15.353593]
[16.084969]
[16.747131]
[17.252817]
[17.743916]
[18.391665]
[19.423643]
[21.281658]
[23.686304]
[26.270624]
[28.845455]
[30.9807]
[32.257053]
[32.662125]
[32.521957]
[32.072937]
[31.450886]
[31.098392]
[31.343885]
[32.128567]
[33.238205]
[34.46499]
[35.19083]
[35.47245]
[35.391193]
[35.12267]
[34.734276]
[34.303886]
[33.70103]
[33.15151]
[32.78878]
[32.7496]
[32.91458]
[33.55751]
[34.811157]
[36.62228]
[38.730934]
[41.453697]
[45.208725]
[49.90941]
[55.077583]
[60.129604]
[66.019394]
[72.347115]
[78.23882]
[82.77216]
[85.13114]
[85.46362]
[84.362144]
[82.570435]
[80.772156]
[79.41602]
[79.98702]
[82.29816]
[85.62265]
[88.10371]
[89.80362]
[91.03028]
[93.09555]
[96.591484]
[100.85156]
[104.81675]
[107.295845]
[107.97649]
[106.4799]
[103.83472]
[100.61582]
[97.48652]
[94.83664]
[93.40142]
[92.83525]
[92.82591]
[92.57164]
[92.3819]
[92.06921]
[91.48884]
[92.175255]
[95.1978]
[99.03371]
[103.01457]
[105.73999]
[106.72869]
[105.64626]
[103.17793]
[99.79752]
[96.383865]
[94.263954]
[93.47253]
[93.88829]
[95.2341]
[97.20766]
[99.184166]
[100.760735]
[101.823715]
[102.20515]
[102.129906]
[101.93299]
[102.0705]
[102.1024]
[102.25802]
[102.43689]
[102.692314]
[103.3269]
[104.64131]
[107.11775]
[110.58571]
[114.449196]
[117.429695]
[118.82173]
[117.91586]
[114.78087]
[110.93113]
[106.917984]
[102.9276]
[99.46078]
[96.50843]
[94.17502]
[93.61212]
[95.326614]
[98.96046]
[103.31029]
[107.66808]
[111.32345]
[113.66113]
[114.828156]
[114.39676]
[114.176926]
[115.77971]
[118.89008]
[122.324684]
[126.27982]
[129.12962]
[131.27043]
[131.13907]
[131.82033]
[134.04135]
[138.46101]
[144.81277]
[149.18393]
[150.473]
[145.48827]
[138.76036]
[130.59969]
[122.03687]
[113.48944]
[107.50072]
[104.85742]
[106.99265]
[112.011955]
[117.07598]
[120.07478]
[121.9526]
[124.25171]
[126.99919]
[129.87978]
[132.9916]
[134.80371]
[134.70316]
[133.20798]
[130.16063]
[126.54919]
[123.41555]
[120.60509]
[117.72411]
[115.34862]
[114.32081]
[114.779335]
[116.54973]
[118.285446]
[119.531136]
[119.666466]
[118.688286]
[117.30779]
[114.21771]
[109.80724]
[105.636444]
[103.21629]
[102.13874]
[102.062645]
[103.24351]
[105.24187]
[107.83275]
[110.62022]
[112.795746]
[114.46986]
[115.67625]
[116.76914]
[117.29919]
[117.38071]
[117.01134]
[115.795044]
[114.09945]
[112.21902]
[110.5775]
[109.1784]
[107.786705]
[106.45845]
[105.0804]
[103.470894]
[101.824104]
[100.47357]
[99.211876]
[97.618256]
[96.603195]
[96.53248]
[97.467026]
[99.28166]
[101.486824]
[103.792595]
[105.99386]
[107.82731]
[109.08651]
[109.90307]
[110.40924]
[110.61009]
[110.48058]
[110.469284]
[110.71476]
[111.195984]
[111.90491]
[113.170296]
[114.486786]
[115.9083]
[118.64874]
[123.15653]
[128.64095]
[136.16968]
[144.51268]
[151.4998]
[155.13718]
[154.38649]
[151.91072]
[151.37502]
[152.99425]
[155.62456]
[160.29219]
[166.97275]
[171.99512]
[174.44962]
[173.01048]
[172.03212]
[171.21428]
[170.71074]
[169.52092]
[168.15271]
[167.70143]
[168.8284]
[170.92935]
[172.19514]
[173.04573]
[172.95506]
[169.9265]
[165.29535]
[160.8442]
[156.66032]
[155.28072]
[156.1592]
[157.15594]
[157.78023]
[158.7498]
[159.39238]
[159.16293]
[158.50314]
[157.10379]
[153.84279]
[149.17673]
[146.32883]
[146.25174]
[148.04445]
[150.85577]
[153.03246]
[153.5991]
[152.18091]
[149.81465]
[147.68039]
[147.29228]
[148.413]
[150.37224]
[152.04405]
[153.34225]
[154.00699]
[154.57643]
[154.85074]
[155.01175]
[154.5747]
[153.54918]
[151.87811]
[150.5055]
[149.50447]
[149.2794]
[149.4289]
[149.62773]
[149.6189]
[149.30602]
[149.31583]
[149.31699]
[149.44382]
[149.7546]
[149.83391]
[149.8505]
[149.75911]
[147.9705]
[145.54875]
[143.41295]
[141.6069]
[140.4074]
[139.75636]
[139.74405]
[140.85384]
[142.12933]
[143.12675]
[143.83789]
[144.35434]
[145.3749]
[147.86787]
[149.88618]
[150.74428]
[150.18541]
[148.72482]
[146.84256]
[144.86555]
[142.17719]
[139.2423]
[136.00174]
[133.59917]
[132.80585]
[132.91873]
[133.1366]
[133.07428]
[132.34222]
[130.92815]
[128.45627]
[125.63453]
[123.4234]
[122.26422]
[121.81732]
[121.82974]
[123.33659]
[124.8635]
[124.88826]
[123.171]
[120.703285]
[117.91641]
[115.462685]
[112.97166]
[110.12442]
[108.24776]
[107.607346]
[107.20874]
[106.791466]
[106.99466]
[107.29893]
[107.37244]
[107.34143]
[107.28387]
[107.16353]
[107.30015]
[108.00372]
[110.14296]
[112.70275]
[115.43351]
[117.8935]
[120.07298]
[120.890114]
[119.82091]
[117.5608]
[114.49416]
[111.75609]
[109.84825]
[108.504684]
[107.612785]
[106.57681]
[105.71737]
[104.68083]
[103.40309]
[101.9941]
[100.35347]
[99.07921]
[99.23264]
[100.29502]
[102.2307]
[104.61542]
[107.762794]
[112.54806]
[117.253296]
[119.90833]
[119.635956]
[116.11119]
[110.1636]
[103.6143]
[97.37304]
[92.101585]
[88.542404]
[86.652824]
[86.27201]
[87.11889]
[88.60947]
[90.34879]
[92.287964]
[93.77985]
[94.79596]
[95.91108]
[97.10191]
[98.34325]
[99.84306]
[101.278656]
[102.526436]
[103.20799]
[102.7612]
[101.19668]
[98.84044]
[96.267296]
[94.30037]
[93.04882]
[92.05726]
[91.02667]
[89.98054]
[88.59306]
[86.501305]
[84.1663]
[81.88152]
[79.912025]
[78.7436]
[78.40354]
[78.54859]
[79.67485]
[81.68381]
[83.96667]
[85.80697]
[86.51935]
[86.262276]
[85.04458]
[83.080345]
[80.79812]
[78.88062]
[77.3404]
[76.14548]
[75.30169]
[74.801094]
[74.679726]
[74.835785]
[75.41483]
[76.30726]
[77.44581]
[78.98868]
[80.58146]
[82.26219]
[84.26768]
[87.40297]
[91.465324]
[95.47198]
[99.07068]
[102.06817]
[104.096306]
[105.17695]
[105.430954]
[104.713]
[103.473404]
[102.005905]
[100.81681]
[100.22631]
[99.93035]
[99.00929]
[97.74411]
[95.96466]
[94.09673]
[92.39079]
[90.29554]
[88.23882]
[86.68007]
[85.54055]
[84.99079]
[84.99677]
[85.18335]
[85.51798]
[86.06537]
[86.626175]
[86.899956]
[86.829315]
[86.352066]
[85.577614]
[84.773964]
[83.61996]
[82.26911]
[80.959854]
[79.59708]
[77.945206]
[76.37139]
[75.052475]
[74.036255]
[74.21227]
[74.89394]
[75.65441]
[76.09946]
[75.97668]
[74.463745]
[71.87621]
[67.97695]
[63.028206]
[58.082294]
[53.953403]
[51.489723]
[50.60096]
[51.115173]
[52.137566]
[53.31226]
[54.304157]
[55.04484]
