2.341886043548584
2.3831369876861572
2.3368139266967773
2.4527649879455566
2.4825520515441895
2.4917359352111816
2.676007032394409
2.6661229133605957
2.6031479835510254
2.588602066040039
2.6177029609680176
2.61313796043396
2.674596071243286
2.6145620346069336
2.9517929553985596
3.009507894515991
2.93693208694458
3.195425033569336
3.18640398979187
2.9825448989868164
3.1166388988494873
3.2735300064086914
3.246411085128784
3.0910279750823975
3.2099149227142334
3.0847010612487793
3.1797990798950195
3.4233109951019287
3.7655210494995117
3.81606388092041
4.012904167175293
3.846158027648926
4.01049280166626
3.9873440265655518
4.063992023468018
3.9818921089172363
4.216646194458008
4.260830879211426
4.275966167449951
4.286990165710449
4.420330047607422
4.306151866912842
4.507214069366455
4.875403881072998
4.888373851776123
5.048338890075684
4.567930221557617
4.481486797332764
4.284588813781738
4.480972766876221
4.128811836242676
4.187835216522217
4.215476036071777
4.193637847900391
4.42163610458374
4.248016834259033
4.0514349937438965
3.5444750785827637
3.5621330738067627
3.508884906768799
3.431283950805664
3.315174102783203
3.545383930206299
3.580296039581299
3.601548910140991
3.7708559036254883
3.8070271015167236
3.6221530437469482
3.2037129402160645
3.0876450538635254
3.080085039138794
2.940980911254883
1.7835580110549927
2.1031949520111084
1.923604965209961
2.0048320293426514
1.7923029661178589
1.8686180114746094
1.8997279405593872
2.288741111755371
2.2208518981933594
2.2243399620056152
2.0462119579315186
2.226875066757202
2.2911770343780518
2.232736110687256
2.2961270809173584
2.1939759254455566
2.2291359901428223
2.1298460960388184
2.2527389526367188
2.3017079830169678
2.363049030303955
2.436316967010498
2.467974901199341
2.4840140342712402
2.4398930072784424
2.7059481143951416
2.657931089401245
2.7587270736694336
2.747852087020874
2.5302391052246094
2.5407938957214355
2.5752060413360596
2.5246689319610596
2.5048980712890625
2.4375579357147217
2.6446049213409424
2.6448678970336914
2.7963500022888184
2.742439031600952
2.6176869869232178
2.6708478927612305
2.793509006500244
3.085777997970581
3.195246934890747
3.2358338832855225
3.4996979236602783
3.5503740310668945
3.5902209281921387
3.8910388946533203
3.60809588432312
3.8885130882263184
3.8684589862823486
3.695754051208496
3.756580114364624
3.748361110687256
3.793459892272949
3.869326114654541
3.947648048400879
3.9062769412994385
3.6012039184570312
3.6531949043273926
3.8001949787139893
3.8828721046447754
3.8419768810272217
3.8289520740509033
3.864531993865967
3.8933660984039307
4.101994037628174
4.2737507820129395
4.296350002288818
3.9517390727996826
4.243060111999512
4.204183101654053
4.000484943389893
4.0985541343688965
4.033448219299316
4.188125133514404
4.887128829956055
4.883357048034668
5.8120880126953125
5.615297794342041
6.129274845123291
5.8893890380859375
6.4359259605407715
6.715764045715332
6.456380844116211
6.5004987716674805
6.543957233428955
6.517197132110596
6.298048973083496
6.321566104888916
5.725492000579834
6.042717933654785
6.002739906311035
5.829533100128174
5.955691814422607
6.041504859924316
6.373826026916504
6.278116226196289
6.069890022277832
6.0497541427612305
5.983938217163086
6.3367919921875
6.272047996520996
6.255189895629883
6.1709208488464355
6.092666149139404
5.87467622756958
6.079235076904297
6.3330888748168945
6.280069828033447
7.2402238845825195
7.0640668869018555
7.209410190582275
7.464379787445068
7.334329128265381
7.850337982177734
8.805205345153809
9.73530387878418
9.339090347290039
8.892497062683105
9.415533065795898
9.528870582580566
9.338033676147461
9.940403938293457
9.79737663269043
9.466920852661133
9.173903465270996
9.173259735107422
9.26569652557373
8.814875602722168
9.166234970092773
9.24584674835205
9.264864921569824
9.10802173614502
10.728804588317871
11.072532653808594
10.380373001098633
11.130082130432129
10.46517562866211
10.511699676513672
10.400091171264648
10.757892608642578
10.00190544128418
10.322840690612793
10.735138893127441
10.673222541809082
10.78970718383789
10.440226554870605
10.937270164489746
10.896957397460938
10.771306037902832
10.254960060119629
10.273153305053711
10.56849479675293
10.355239868164062
10.35266399383545
10.37189769744873
10.53330135345459
10.248841285705566
9.691996574401855
10.021683692932129
9.27328109741211
9.386815071105957
9.110153198242188
9.2362642288208
8.410625457763672
8.561200141906738
7.880884170532227
8.004101753234863
8.534952163696289
8.588024139404297
9.009957313537598
9.163298606872559
8.468963623046875
7.062611103057861
7.50370979309082
6.586545944213867
6.820390224456787
6.854887962341309
6.715412139892578
6.845022201538086
7.144293785095215
7.126416206359863
7.171183109283447
6.969905853271484
7.102790832519531
6.882293224334717
6.740931987762451
6.93279504776001
6.70448112487793
6.7468671798706055
6.576437950134277
5.917867183685303
6.009175777435303
5.663712978363037
6.122422218322754
7.137444019317627
7.042986869812012
7.4648051261901855
7.4257378578186035
7.4596967697143555
7.431593894958496
7.169050216674805
6.813179969787598
6.849249839782715
7.064510822296143
7.132040023803711
6.832348823547363
6.879165172576904
7.046213150024414
7.436594009399414
7.6627421379089355
7.778844833374023
8.071139335632324
7.991767883300781
7.864384174346924
7.823996067047119
7.642895221710205
7.792723178863525
7.887022972106934
7.976606845855713
7.531345844268799
7.828713893890381
8.152145385742188
7.980205059051514
7.979634761810303
7.8525190353393555
7.623897075653076
7.58915901184082
7.343232154846191
7.084743976593018
6.966609954833984
6.943264961242676
7.328973770141602
6.860998153686523
6.975987911224365
7.075501918792725
7.19091796875
8.071707725524902
7.5001420974731445
7.887609958648682
7.78958797454834
7.859777927398682
7.899024963378906
7.827620029449463
7.930141925811768
7.7669677734375
7.49337911605835
7.740087985992432
8.171244621276855
7.899355888366699
7.845003128051758
8.76793098449707
9.859552383422852
10.734137535095215
11.39723014831543
12.301436424255371
11.449482917785645
10.209795951843262
10.427122116088867
12.188339233398438
12.322853088378906
12.676900863647461
11.491257667541504
11.679783821105957
12.141711235046387
10.939979553222656
11.783254623413086
11.724839210510254
11.376384735107422
10.39006519317627
10.937174797058105
10.478120803833008
10.282731056213379
10.652219772338867
11.35339641571045
11.63647747039795
11.345393180847168
12.33552360534668
12.020883560180664
12.144301414489746
12.124089241027832
11.921778678894043
11.286701202392578
11.576236724853516
10.071346282958984
11.24582576751709
11.590243339538574
11.609365463256836
11.384799003601074
12.997971534729004
14.112157821655273
13.46981143951416
13.252397537231445
12.816720962524414
12.968210220336914
14.982499122619629
16.427825927734375
18.900358200073242
24.275869369506836
22.03215789794922
22.42451286315918
24.433013916015625
22.36600685119629
20.251880645751953
20.993196487426758
22.946781158447266
22.68698501586914
22.133573532104492
25.77440643310547
27.784744262695312
27.184602737426758
27.017963409423828
27.369647979736328
22.631322860717773
25.518875122070312
25.231767654418945
25.83185386657715
25.093549728393555
25.1015682220459
22.867189407348633
25.246299743652344
25.38128089904785
26.437387466430664
25.14666175842285
29.396690368652344
31.08115005493164
32.15960693359375
32.19072723388672
39.150909423828125
45.702720642089844
48.28042984008789
49.775611877441406
51.25526428222656
67.73420715332031
67.45584106445312
67.18927001953125
65.74711608886719
61.59098815917969
62.54300308227539
63.52302169799805
64.85346984863281
66.37016296386719
67.30219268798828
81.49362182617188
79.8563003540039
79.6424331665039
69.10409545898438
76.13557434082031
78.93885803222656
91.34088897705078
97.50495147705078
96.39583587646484
94.74663543701172
89.80789947509766
88.81137084960938
81.53419494628906
85.51356506347656
82.7684555053711
82.94345092773438
81.9875717163086
86.9791030883789
82.52167510986328
81.70386505126953
75.53459167480469
80.19906616210938
76.9902572631836
74.9476318359375
90.13362884521484
100.05039978027344
90.03887939453125
94.33186340332031
87.40433502197266
86.10861206054688
80.33351135253906
81.43865203857422
78.09446716308594
79.9886474609375
87.94889068603516
85.23992919921875
86.29387664794922
87.47541046142578
89.1126937866211
87.35142517089844
87.15679931640625
87.79524993896484
86.090576171875
87.42192840576172
88.98358154296875
92.2447509765625
87.4330062866211
90.90252685546875
89.94014739990234
91.07743835449219
94.66275024414062
98.6980209350586
106.14055633544922
109.19486236572266
110.71558380126953
105.65251922607422
103.24737548828125
95.10575103759766
89.70130920410156
95.51405334472656
91.02420043945312
86.13163757324219
86.52543640136719
82.45767211914062
81.47551727294922
92.32335662841797
97.46442413330078
99.25608825683594
96.9317398071289
100.21038818359375
100.2564926147461
98.31024169921875
100.56907653808594
94.0027847290039
108.89203643798828
121.4745864868164
121.182373046875
118.70680236816406
129.7654571533203
120.88557434082031
129.43980407714844
114.41130828857422
142.01895141601562
146.90966796875
159.31076049804688
169.20982360839844
148.90109252929688
146.52471923828125
108.55519104003906
132.20433044433594
113.18486022949219
106.72059631347656
96.63763427734375
112.85957336425781
113.23884582519531
129.55389404296875
119.63467407226562
109.45833587646484
101.80236053466797
114.18511962890625
126.3295669555664
126.38589477539062
127.88861083984375
134.4358367919922
124.7420654296875
120.95809936523438
122.36099243164062
113.88200378417969
115.88734436035156
118.58880615234375
111.84477233886719
105.18856048583984
108.39917755126953
114.12149047851562
115.26819610595703
117.19003295898438
109.44998931884766
110.05902862548828
104.9432601928711
103.10254669189453
105.96588134765625
87.2929916381836
85.72422790527344
93.02392578125
100.6088638305664
93.21041107177734
92.76244354248047
99.09931945800781
98.41007232666016
101.65826416015625
102.89077758789062
99.57984924316406
103.8575439453125
104.78528594970703
108.60855865478516
104.40927124023438
106.01253509521484
104.98432922363281
99.39070129394531
100.52322387695312
99.52586364746094
100.43256378173828
98.03005981445312
94.45030212402344
93.99951171875
91.17620849609375
87.59669494628906
87.49004364013672
88.29964447021484
84.07645416259766
78.72248840332031
86.95372009277344
88.31378936767578
89.80841064453125
91.8258285522461
91.46089172363281
93.4931640625
95.24752044677734
95.48015594482422
95.34611511230469
97.35891723632812
98.35505676269531
98.01190185546875
97.38018798828125
101.3048095703125
102.12722778320312
102.67572021484375
104.07147216796875
109.13972473144531
106.36140441894531
110.03461456298828
124.49871826171875
133.23544311523438
135.4418182373047
158.5333709716797
162.66046142578125
160.9881591796875
154.17156982421875
143.27120971679688
156.6029052734375
180.72532653808594
182.61143493652344
180.95938110351562
201.63450622558594
216.19625854492188
201.7554168701172
202.90257263183594
188.0254669189453
216.38902282714844
209.2814178466797
209.90597534179688
200.6451873779297
202.3822021484375
209.52391052246094
216.49266052246094
216.6655731201172
206.77975463867188
212.4748992919922
207.04067993164062
183.6594696044922
182.68447875976562
185.1287841796875
175.4267120361328
193.66404724121094
189.82029724121094
176.5494384765625
176.4241180419922
183.82052612304688
178.0989227294922
172.9281768798828
174.66441345214844
168.19708251953125
152.0319061279297
146.63340759277344
167.41455078125
172.1170196533203
168.38754272460938
169.8838653564453
163.0159454345703
157.6843719482422
151.2297821044922
153.52719116210938
157.00790405273438
167.44522094726562
166.9507598876953
167.05584716796875
163.25787353515625
166.5094757080078
165.39767456054688
170.38833618164062
168.47276306152344
170.2941436767578
165.46348571777344
163.8797607421875
159.96527099609375
164.8500518798828
162.76693725585938
165.9620361328125
163.19400024414062
161.78546142578125
160.12149047851562
158.72642517089844
163.5253143310547
159.95962524414062
161.55166625976562
162.51004028320312
159.24481201171875
160.99868774414062
160.17140197753906
143.56541442871094
148.71385192871094
150.7702178955078
146.66680908203125
147.23480224609375
145.91897583007812
147.28660583496094
153.61312866210938
147.8306884765625
147.35890197753906
148.8726348876953
150.00790405273438
157.03439331054688
168.635498046875
156.38487243652344
155.0022735595703
152.09706115722656
152.66273498535156
151.7344207763672
150.02166748046875
139.77676391601562
139.27731323242188
132.6511688232422
138.5743408203125
142.8058624267578
136.73165893554688
132.2290496826172
130.32012939453125
125.84937286376953
123.03685760498047
114.71253967285156
116.04081726074219
119.54444885253906
120.2764663696289
116.69728088378906
116.10655212402344
128.62010192871094
117.23712921142578
106.87619018554688
103.69783020019531
107.46260833740234
104.21057891845703
105.3163833618164
97.55616760253906
91.83697509765625
102.5402603149414
102.02888488769531
92.91465759277344
92.99351501464844
99.97801971435547
94.48872375488281
92.77584838867188
94.4965591430664
94.62322998046875
93.80776977539062
96.9439468383789
100.22024536132812
110.70147705078125
104.5882797241211
109.17996215820312
109.77850341796875
113.43903350830078
104.8036117553711
99.23954772949219
101.2603988647461
97.63162994384766
102.60674285888672
102.64449310302734
98.33453369140625
97.76461029052734
91.9972152709961
95.2394027709961
89.93408966064453
88.15511322021484
87.16600036621094
83.53966522216797
87.47956848144531
96.27384948730469
91.2199478149414
95.73026275634766
96.12603759765625
104.53174591064453
118.37321472167969
109.35855865478516
99.8957748413086
93.653076171875
83.5915298461914
79.38550567626953
83.52445220947266
79.61627197265625
78.02407836914062
80.96312713623047
78.4836654663086
78.7970962524414
79.46939849853516
77.85871124267578
78.4555435180664
81.37004089355469
76.9853744506836
78.85749816894531
84.77014923095703
84.1522216796875
85.4315185546875
89.38922119140625
88.04527282714844
89.38276672363281
87.0566177368164
81.72081756591797
80.04541778564453
78.91732025146484
79.49014282226562
83.26152801513672
81.3311538696289
76.57072448730469
74.46879577636719
74.5128173828125
69.67398071289062
64.2299575805664
66.34420013427734
64.88780212402344
64.35557556152344
67.40180206298828
66.6608657836914
64.43338775634766
72.26068115234375
72.94722747802734
70.94841766357422
68.5001449584961
64.40750122070312
66.14839935302734
62.95242691040039
61.46281814575195
61.627933502197266
64.6610336303711
61.530391693115234
60.649375915527344
60.691524505615234
60.71283721923828
61.49190139770508
61.035186767578125
63.7369499206543
63.58037567138672
64.81536102294922
68.43548583984375
66.63597106933594
69.95719146728516
74.30917358398438
84.7796859741211
86.24668884277344
83.7453842163086
87.7646255493164
90.17278289794922
88.97390747070312
90.1278076171875
90.26456451416016
86.67726135253906
88.51824188232422
87.80406188964844
90.12565612792969
91.53692626953125
88.33802795410156
79.95301818847656
82.88945007324219
77.91606903076172
79.33494567871094
78.26228332519531
69.80558013916016
72.73422241210938
74.19577026367188
71.1515121459961
72.87509155273438
72.716552734375
70.03172302246094
71.45417022705078
72.87818145751953
71.49706268310547
69.4617691040039
69.3643569946289
67.93914794921875
67.77361297607422
68.77530670166016
63.558441162109375
64.28114318847656
64.63749694824219
61.605716705322266
57.90327453613281
60.47981262207031
59.806846618652344
58.967552185058594
68.16922760009766
60.55643081665039
60.28190231323242
58.62917709350586
56.91507339477539
47.20011901855469
48.60098648071289
39.700252532958984
36.68883514404297
40.98082733154297
41.792972564697266
46.2982063293457
43.31576156616211
44.72734832763672
39.3471794128418
41.290401458740234
40.30281066894531
41.11262893676758
41.05764389038086
