[3247889.8]
[3206324.2]
[3122703.5]
[3006964.5]
[2872421.8]
[2728891.8]
[2584074.5]
[2443421.2]
[2310113.8]
[2186135.8]
[2070074.1]
[1961812.1]
[1859380.4]
[1761011.5]
[1664632.5]
[1572721.6]
[1483614.]
[1398222.8]
[1315306.4]
[1232493.6]
[1152994.9]
[1076499.1]
[1000810.75]
[928265.06]
[857739.5]
[789271.7]
[725197.75]
[666263.2]
[613508.06]
[568969.6]
[533827.9]
[509044.94]
[493929.6]
[487771.6]
[488895.9]
[496663.75]
[509521.06]
[527469.4]
[550203.]
[577047.8]
[606389.5]
[636362.94]
[664616.06]
[687730.3]
[705732.75]
[718123.3]
[725996.2]
[729934.5]
[730963.75]
[729378.7]
[726911.8]
[723268.9]
[718620.1]
[713574.5]
[708551.25]
[704570.56]
[701360.75]
[697959.4]
[692581.94]
[684906.9]
[675303.2]
[664066.3]
[652410.06]
[642060.56]
[634070.56]
[628733.]
[626934.1]
[628753.3]
[633006.6]
[636440.75]
[637265.06]
[635047.7]
[630199.8]
[615642.06]
[591756.5]
[560178.94]
[524467.44]
[487201.84]
[451574.9]
[420226.78]
[397379.94]
[384576.66]
[381294.72]
[384874.34]
[394723.34]
[410035.66]
[428880.75]
[449001.5]
[467866.47]
[483298.22]
[493612.6]
[499940.22]
[503237.47]
[505027.97]
[506535.06]
[508116.47]
[510144.62]
[512319.94]
[515581.7]
[519666.72]
[524628.25]
[530027.75]
[534213.4]
[536447.44]
[536932.1]
[535688.2]
[532952.7]
[528719.2]
[524776.75]
[521866.12]
[520686.53]
[521108.22]
[521942.62]
[522638.5]
[523485.47]
[525348.56]
[528824.2]
[533854.3]
[540283.1]
[547901.4]
[556161.5]
[566943.3]
[579988.25]
[595054.06]
[611506.44]
[627909.5]
[643143.5]
[656730.8]
[669108.6]
[681970.6]
[695166.06]
[707396.06]
[715475.2]
[718037.4]
[715752.1]
[711066.7]
[706934.8]
[703686.3]
[701528.56]
[701225.]
[702907.25]
[706268.3]
[710154.25]
[712639.94]
[713457.5]
[712839.3]
[710001.7]
[705363.8]
[699262.06]
[693407.3]
[689639.3]
[688284.94]
[689851.2]
[693384.6]
[699986.9]
[707514.4]
[715052.75]
[722417.75]
[729009.56]
[734437.6]
[738840.2]
[742299.56]
[744994.1]
[747313.7]
[747976.25]
[747079.7]
[744943.3]
[741726.6]
[737972.94]
[734510.3]
[731605.]
[729175.75]
[726778.1]
[724417.75]
[722095.56]
[720696.6]
[720404.25]
[720288.75]
[719705.9]
[718224.06]
[715533.7]
[712086.25]
[708410.1]
[704792.25]
[701685.6]
[698832.2]
[696003.1]
[693317.75]
[690747.4]
[689161.8]
[688602.]
[689436.7]
[691221.]
[693561.5]
[696021.4]
[698400.5]
[700475.1]
[702153.75]
[703219.6]
[703481.25]
[702925.7]
[701719.56]
[700149.]
[698335.25]
[696941.25]
[696665.25]
[697866.94]
[700253.6]
[703784.94]
[708785.2]
[718003.75]
[731487.2]
[748556.2]
[767720.06]
[787993.06]
[809266.2]
[828666.94]
[845222.56]
[858284.25]
[869117.6]
[878429.44]
[886009.5]
[892205.]
[896956.8]
[900790.06]
[902548.1]
[902531.1]
[901739.2]
[900736.]
[900100.25]
[900137.5]
[901811.94]
[904420.44]
[906947.56]
[909235.56]
[910387.06]
[910421.94]
[909507.44]
[907918.7]
[904845.8]
[900634.8]
[895124.25]
[888967.06]
[882673.75]
[877265.25]
[873279.3]
[871486.75]
[870499.9]
[866491.7]
[859064.75]
[847945.56]
[834324.]
[819890.6]
[805491.6]
[792088.6]
[780795.94]
[772219.9]
[766585.44]
[763381.06]
[763039.44]
[765720.7]
[771387.94]
[779299.6]
[788499.44]
[798470.9]
[808080.6]
[815290.9]
[819539.2]
[820252.9]
[819194.56]
[817208.]
[814985.2]
[812993.94]
[811277.6]
[810194.44]
[809572.6]
[808675.1]
[807166.44]
[804955.2]
[802523.06]
[800439.7]
[798648.44]
[797198.]
[796740.7]
[797698.06]
[800604.8]
[805557.56]
[812698.6]
[821166.25]
[830039.1]
[838768.1]
[846421.56]
[852608.2]
[857553.06]
[862093.94]
[867021.4]
[875062.94]
[887026.5]
[902156.5]
[919558.3]
[937686.7]
[955324.2]
[973003.75]
[989525.75]
[1004555.4]
[1018196.06]
[1030965.56]
[1042714.06]
[1052568.]
[1061413.]
[1069781.6]
[1081749.]
[1097998.9]
[1115568.5]
[1134236.4]
[1152761.9]
[1170189.5]
[1187123.1]
[1205276.9]
[1224612.9]
[1243697.2]
[1261153.2]
[1278287.2]
[1297989.1]
[1320814.4]
[1345846.]
[1373987.5]
[1404468.4]
[1435058.8]
[1464174.6]
[1492614.4]
[1519088.5]
[1538595.2]
[1549936.2]
[1555602.9]
[1558904.1]
[1565753.4]
[1575607.]
[1588793.6]
[1605612.9]
[1623230.8]
[1641351.2]
[1660055.2]
[1678651.8]
[1694272.5]
[1706820.2]
[1715924.5]
[1721480.4]
[1726117.6]
[1732092.6]
[1740414.1]
[1751474.2]
[1769962.2]
[1800162.6]
[1842198.8]
[1895108.5]
[1954342.2]
[2014228.1]
[2073915.6]
[2130319.8]
[2182977.8]
[2233872.2]
[2287584.5]
[2344211.5]
[2403975.2]
[2465755.]
[2530633.]
[2597163.8]
[2663824.]
[2734088.8]
[2807678.8]
[2879537.8]
[2950565.8]
[3024083.8]
[3102325.8]
[3184150.5]
[3263494.2]
[3332262.2]
[3383423.]
[3414781.5]
[3435145.5]
[3451988.5]
[3464423.2]
[3472352.5]
[3476522.5]
[3479625.]
[3482190.]
[3483981.2]
[3478843.2]
[3470581.]
[3460495.5]
[3450583.2]
[3442273.2]
[3436554.2]
[3430638.5]
[3428496.]
[3431857.5]
[3439692.8]
[3448645.2]
[3457736.8]
[3468826.2]
[3484212.2]
[3501818.5]
[3521105.8]
[3541921.5]
[3562004.2]
[3590775.]
[3627057.8]
[3663981.5]
[3701669.5]
[3736678.5]
[3765986.5]
[3790940.2]
[3810207.8]
[3825860.]
[3842629.8]
[3859412.5]
[3881189.8]
[3907059.5]
[3936382.5]
[3961796.8]
[3973894.2]
[3975310.]
[3966863.5]
[3952086.8]
[3934943.8]
[3917690.]
[3908838.8]
[3908116.2]
[3917708.]
[3933053.2]
[3952256.2]
[3974159.]
[4000866.2]
[4032581.]
[4070010.5]
[4111673.5]
[4156580.8]
[4200519.]
[4246362.5]
[4289111.]
[4320571.5]
[4341328.]
[4356464.5]
[4366115.5]
[4371741.]
[4374039.]
[4372538.]
[4363251.]
[4348974.]
[4328693.]
[4303060.5]
[4279604.5]
[4261254.5]
[4247474.5]
[4240862.]
[4241987.]
[4247611.]
[4255017.]
[4262691.]
[4266313.]
[4267042.]
[4265050.]
[4259665.]
[4248975.5]
[4237580.5]
[4227541.]
[4219686.]
[4213684.5]
[4208832.]
[4209235.5]
[4212077.]
[4215026.]
[4212894.]
[4204300.5]
[4183461.8]
[4152472.]
[4118244.5]
[4079127.2]
[4034348.5]
[3984904.8]
[3932197.2]
[3879165.5]
[3835872.5]
[3804926.8]
[3783812.]
[3767133.2]
[3761731.8]
[3763196.2]
[3767514.8]
[3771546.2]
[3768308.]
[3765202.8]
[3761896.2]
[3759126.5]
[3759578.8]
[3761081.2]
[3759047.5]
[3754178.]
[3736148.2]
[3706809.2]
[3670981.]
[3629087.8]
[3584700.]
[3535274.8]
[3483399.2]
[3421869.5]
[3360800.2]
[3297272.]
[3235995.5]
[3173301.8]
[3119292.]
[3078090.8]
[3049726.2]
[3030794.8]
[3014690.]
[2997175.]
[2979235.8]
[2966260.2]
[2958386.]
[2955667.2]
[2963596.5]
[2974729.]
[2982860.8]
[2987162.2]
[2986598.2]
[2979629.]
[2978672.8]
[2983910.8]
[2996321.5]
[3014438.]
[3039108.8]
[3072605.8]
[3111543.8]
[3149771.8]
[3181419.2]
[3204423.8]
[3219370.5]
[3225968.2]
[3220153.5]
[3207955.8]
[3196159.5]
[3190302.8]
[3190214.8]
[3193094.]
[3202985.5]
[3219406.8]
[3245790.8]
[3276046.2]
[3304643.]
[3330738.5]
[3353728.]
[3377151.2]
[3396210.]
[3412087.8]
[3424663.8]
[3432174.]
[3436329.2]
[3438371.]
[3439000.2]
[3438487.]
[3436090.2]
[3431853.8]
[3425235.2]
[3416017.2]
[3405663.]
[3395091.2]
[3384945.]
[3372747.8]
[3363092.]
[3357018.8]
[3357136.2]
[3363217.8]
[3375479.5]
[3394763.5]
[3421996.2]
[3455110.5]
[3490287.8]
[3527688.5]
[3563434.2]
[3592488.8]
[3612395.2]
[3621643.]
[3624717.8]
[3625957.2]
[3629876.8]
[3639823.8]
[3654151.2]
[3674137.2]
[3696722.8]
[3718860.8]
[3737838.2]
[3757658.5]
[3777242.]
[3795445.8]
[3810305.5]
[3819838.]
[3825163.5]
[3830727.]
[3841085.5]
[3855964.5]
[3874407.8]
[3894910.2]
[3912942.]
[3929898.5]
[3943209.8]
[3955272.]
[3966900.5]
[3977960.5]
[3985777.2]
[3990610.5]
[3995948.2]
[4003334.2]
[4013312.8]
[4025318.8]
[4040866.2]
[4060106.8]
[4072646.]
[4076462.2]
[4073388.2]
[4062984.5]
[4048104.]
[4032522.5]
[4015918.5]
[4002823.5]
[3995346.8]
[3992035.2]
[3990395.2]
[3990718.8]
[3990887.2]
[3981991.2]
[3961116.]
[3936013.]
[3912606.]
[3889280.8]
[3866371.2]
[3845039.8]
[3824000.8]
[3802295.5]
[3780731.]
[3763925.5]
[3760269.]
[3767388.2]
[3783044.8]
[3805123.8]
[3834640.]
[3875069.8]
[3918316.5]
[3961265.8]
[4000916.]
[4035414.8]
[4068359.]
[4098065.]
[4124304.]
[4146696.]
[4172085.2]
[4198928.]
[4227194.5]
[4257217.]
[4291204.5]
[4328812.5]
[4362498.5]
[4388865.5]
[4409511.5]
[4426592.]
[4443867.5]
[4459046.]
[4469170.]
[4478093.5]
[4488640.]
[4500094.]
[4510341.]
[4517054.5]
[4522083.]
[4523482.5]
[4518105.5]
[4504728.]
[4484374.5]
[4460656.]
[4439102.]
[4417750.]
[4392369.5]
[4362210.5]
[4326642.5]
[4287709.5]
[4248073.]
[4205958.5]
[4157886.]
[4106722.2]
[4049964.5]
[3992060.8]
[3938754.]
[3891052.8]
[3845144.]
[3802727.]
[3763300.8]
[3728823.5]
[3693822.5]
[3661023.]
[3635813.]
[3619189.]
[3608683.]
[3601499.2]
[3595498.]
[3585810.8]
[3565826.5]
[3539020.5]
[3510337.8]
[3483748.8]
[3460634.5]
[3436686.5]
[3412815.8]
[3393104.]
[3380414.5]
[3367730.]
[3355670.]
[3347963.8]
[3342896.5]
[3336990.]
[3331824.2]
[3327385.2]
[3322853.8]
[3323250.]
[3328038.5]
[3339466.8]
[3356837.5]
[3376004.5]
[3396771.8]
[3418005.]
[3432340.8]
[3437143.2]
[3436077.5]
[3430723.8]
[3427396.]
[3426626.8]
[3427045.]
[3428628.]
[3427669.8]
[3425159.8]
[3420935.5]
[3414651.5]
[3408296.5]
[3404727.8]
[3406097.2]
[3416071.5]
[3431564.8]
[3449474.8]
[3467743.8]
[3488183.]
[3505081.]
[3522327.8]
[3538001.]
[3547790.8]
[3543271.2]
[3526193.5]
[3501153.]
[3475409.]
[3450331.2]
[3431243.]
[3419728.2]
[3414788.5]
[3415188.2]
[3419661.]
[3426532.]
[3434371.5]
[3438211.8]
[3439973.2]
[3448529.2]
[3463406.2]
[3484192.8]
[3510001.8]
[3539735.2]
[3571609.]
[3601490.5]
[3624084.]
[3640061.2]
[3650705.]
[3656896.]
[3663205.5]
[3670183.]
[3671733.]
[3667022.]
[3658820.8]
[3646032.2]
[3629575.8]
[3613113.5]
[3597487.8]
[3586641.]
[3582324.2]
[3583404.]
[3586933.5]
[3601022.8]
[3626647.]
[3659666.2]
[3692847.8]
[3717528.2]
[3732936.2]
[3738359.2]
[3736223.8]
[3729751.2]
[3726218.5]
[3722713.2]
[3717917.5]
[3712300.]
[3704580.2]
[3697652.2]
[3691978.8]
[3690196.2]
[3691634.8]
[3696409.5]
[3704198.5]
[3711815.]
[3717971.]
[3723713.]
[3730811.8]
[3740777.]
[3753051.2]
[3766487.]
[3783609.8]
[3803454.]
[3824230.5]
[3843624.8]
[3857914.2]
[3868268.8]
[3874874.5]
[3879229.2]
[3882507.2]
[3884488.]
[3881347.2]
[3874992.]
[3865505.2]
[3855218.2]
[3844997.8]
[3831416.2]
[3816703.5]
[3804619.8]
[3794391.2]
[3787319.5]
[3783394.5]
[3780348.5]
[3778994.5]
[3780963.]
[3785168.8]
[3788519.5]
[3788952.8]
[3786305.]
[3780491.5]
[3774594.2]
[3765143.2]
[3753881.2]
[3742599.5]
[3731360.8]
[3717453.8]
[3702321.]
[3686986.8]
[3670308.2]
[3656623.2]
[3640911.5]
[3622538.8]
[3601604.2]
[3577359.2]
[3543437.2]
[3503986.8]
[3459302.]
[3412570.5]
[3368493.5]
[3330536.5]
[3303086.5]
[3283208.5]
[3270505.]
[3260709.5]
[3254705.]
[3250757.2]
[3248783.5]
