[224579.42]
[221740.14]
[215498.8]
[207811.19]
[200759.1]
[195514.94]
[192580.34]
[192089.19]
[193698.78]
[196781.73]
[200781.34]
[205045.4]
[208620.5]
[211026.36]
[212479.22]
[213411.16]
[213897.3]
[214179.83]
[214330.66]
[214440.62]
[214820.86]
[215424.4]
[215427.94]
[215013.6]
[214329.25]
[213927.92]
[213741.67]
[213755.58]
[213624.62]
[213475.67]
[213473.56]
[213581.48]
[213567.7]
[213512.31]
[213760.42]
[214721.9]
[215914.25]
[217200.8]
[218090.72]
[217655.78]
[213714.39]
[192922.73]
[150800.48]
[137250.86]
[136041.38]
[136634.56]
[137259.62]
[137387.83]
[137006.3]
[136550.16]
[136610.19]
[137396.38]
[138599.34]
[140028.75]
[140721.06]
[139444.45]
[136546.92]
[132019.7]
[126392.1]
[120466.55]
[114759.96]
[110389.18]
[107485.15]
[106364.87]
[106769.93]
[108284.85]
[111037.61]
[115038.695]
[120400.57]
[126706.47]
[132909.53]
[138394.5]
[142492.73]
[145731.38]
[147912.25]
[148721.58]
[148338.34]
[147140.44]
[145294.44]
[143219.61]
[141183.1]
[139271.33]
[137154.73]
[134829.11]
[132097.12]
[129134.17]
[126736.38]
[125294.08]
[124793.42]
[125703.18]
[128113.48]
[131977.42]
[137087.48]
[143610.77]
[150308.03]
[156604.97]
[162089.19]
[166412.84]
[168877.23]
[170103.22]
[170312.66]
[170172.12]
[170075.44]
[170060.05]
[170966.17]
[173489.67]
[177681.14]
[182388.97]
[186326.55]
[188440.78]
[188437.08]
[187723.25]
[187156.12]
[187218.75]
[187815.89]
[188147.14]
[188605.67]
[190441.42]
[194154.53]
[199552.7]
[205794.3]
[211905.88]
[218057.81]
[223644.69]
[230355.45]
[236692.3]
[242931.72]
[248244.23]
[251965.39]
[255897.75]
[259886.23]
[263450.7]
[267104.94]
[268514.06]
[267472.25]
[266340.2]
[263460.12]
[259254.44]
[253236.62]
[246996.28]
[237659.95]
[228253.53]
[219037.5]
[210779.52]
[203855.52]
[200715.72]
[201693.05]
[206650.34]
[213741.95]
[220241.5]
[224740.16]
[227576.36]
[230288.75]
[232873.9]
[235505.5]
[238487.8]
[240875.38]
[242158.3]
[242684.]
[242173.66]
[240674.16]
[238927.06]
[236847.45]
[234353.22]
[231866.39]
[230210.42]
[229631.97]
[230262.64]
[230981.64]
[231537.42]
[231398.94]
[230524.81]
[229479.75]
[227430.56]
[224731.22]
[222314.16]
[220609.86]
[219237.78]
[218267.97]
[218214.2]
[219351.4]
[221650.22]
[224997.9]
[228310.7]
[231119.77]
[233422.33]
[235423.66]
[236612.84]
[237399.88]
[237826.2]
[237246.08]
[235869.1]
[233930.73]
[231904.14]
[229760.28]
[227403.62]
[225283.25]
[223376.73]
[221770.78]
[220614.62]
[220066.89]
[219771.62]
[219618.88]
[220173.17]
[221511.6]
[223603.89]
[226329.94]
[229219.77]
[231971.98]
[234496.64]
[236509.94]
[238082.28]
[239409.3]
[240667.45]
[241754.4]
[242624.44]
[242772.17]
[242934.38]
[243457.4]
[244467.83]
[246614.11]
[248781.19]
[251045.1]
[252854.81]
[253867.92]
[253453.97]
[252990.27]
[252364.6]
[251971.78]
[250910.11]
[248834.08]
[246084.92]
[243837.22]
[243064.]
[243158.72]
[243810.6]
[245066.9]
[246067.53]
[246750.64]
[246570.64]
[246331.34]
[246113.61]
[245880.31]
[245723.72]
[246367.23]
[249318.3]
[253670.33]
[258978.33]
[263828.72]
[267743.6]
[270263.5]
[269126.]
[265613.2]
[260575.62]
[254242.56]
[248020.7]
[243403.89]
[240244.7]
[239163.11]
[240616.45]
[243700.83]
[246756.36]
[249313.75]
[250714.77]
[249511.97]
[245676.69]
[241766.81]
[239067.8]
[236986.56]
[235531.77]
[235283.9]
[235611.38]
[235835.77]
[236105.94]
[237050.1]
[239763.52]
[244074.98]
[249136.62]
[253870.36]
[258133.19]
[261755.45]
[264428.2]
[265946.78]
[266342.38]
[265162.53]
[263398.25]
[261255.1]
[259536.36]
[259107.36]
[260049.36]
[261637.19]
[263377.16]
[264440.06]
[265282.34]
[267093.22]
[269010.]
[270214.4]
[271528.2]
[272368.66]
[273294.06]
[273669.47]
[272540.6]
[271986.47]
[272753.97]
[273974.66]
[274989.94]
[275714.44]
[277314.72]
[279412.78]
[281148.78]
[281892.88]
[281896.9]
[281852.34]
[282684.16]
[283757.34]
[284313.06]
[284739.34]
[284684.66]
[284167.38]
[283235.2]
[281799.2]
[278458.78]
[274392.22]
[268968.8]
[264793.75]
[262905.9]
[262393.06]
[261971.67]
[262804.1]
[264119.6]
[265727.88]
[266268.]
[266211.38]
[266819.9]
[268785.44]
[272504.34]
[276735.5]
[280164.4]
[281010.16]
[279222.03]
[276221.12]
[273773.22]
[272030.5]
[271665.16]
[270785.]
[268414.]
[266032.06]
[264384.94]
[261881.62]
[258815.89]
[257198.19]
[256853.89]
[257086.6]
[258051.89]
[259268.1]
[260484.83]
[261962.94]
[263261.34]
[264763.44]
[265994.78]
[267058.44]
[267821.03]
[267999.66]
[266488.2]
[262978.84]
[258838.45]
[254836.06]
[252004.66]
[250839.44]
[250792.11]
[251697.95]
[252008.92]
[251079.95]
[248292.83]
[244093.12]
[239854.89]
[236080.78]
[233918.2]
[234056.]
[235610.73]
[238249.47]
[241465.06]
[244817.4]
[247270.3]
[248536.06]
[248492.25]
[247162.64]
[243330.33]
[237455.3]
[231428.88]
[226075.66]
[222147.4]
[220013.36]
[219477.56]
[220665.1]
[223324.14]
[226882.12]
[230944.22]
[235346.14]
[239155.06]
[241925.16]
[244700.75]
[247501.64]
[250148.9]
[252617.03]
[254501.7]
[256060.25]
[256600.23]
[255528.2]
[253189.61]
[250030.55]
[246911.6]
[245196.12]
[244659.25]
[243992.4]
[242601.84]
[240648.08]
[238050.83]
[235140.]
[232668.3]
[230827.27]
[229888.5]
[230403.77]
[232181.17]
[234116.98]
[236918.05]
[240508.2]
[244166.12]
[246899.4]
[247662.5]
[246902.36]
[244784.64]
[241829.12]
[238977.]
[237169.33]
[236070.]
[235421.5]
[235169.89]
[235025.97]
[235184.98]
[235692.67]
[236974.67]
[238944.28]
[241692.27]
[244704.33]
[247104.62]
[248778.7]
[249949.27]
[250916.12]
[251899.42]
[252746.17]
[253437.47]
[254468.14]
[255766.16]
[257205.48]
[258408.97]
[258702.81]
[258849.75]
[258887.52]
[259137.16]
[259357.25]
[258920.38]
[256935.58]
[254168.53]
[251076.61]
[248503.84]
[246528.17]
[244244.03]
[242143.56]
[240894.11]
[240199.75]
[240090.42]
[240557.61]
[241165.55]
[242051.53]
[243329.22]
[244670.69]
[245509.72]
[245748.89]
[245423.95]
[244708.61]
[244219.88]
[243289.98]
[242344.14]
[241800.69]
[241195.47]
[240223.45]
[239459.16]
[239192.27]
[239113.7]
[239707.72]
[240161.1]
[240184.34]
[239629.6]
[238270.17]
[235505.5]
[232346.23]
[228531.62]
[224323.98]
[220599.58]
[218037.86]
[217145.52]
[217423.28]
[218708.64]
[220137.03]
[221728.16]
[223226.55]
